0.4973890339425588
0.4973890339425588
0.4973890339425588
0.4973890339425588
0.4973890339425588
0.4973890339425588
0.4973890339425588
0.4973890339425588
0.4973890339425588
0.4973890339425588
0.4973890339425588
0.4973890339425588
0.4973890339425588
0.4973890339425588
0.4973890339425588
0.5261096605744126
0.5261096605744126
0.5261096605744126
0.5261096605744126
0.5261096605744126
0.5261096605744126
0.5261096605744126
0.5261096605744126
0.5261096605744126
0.5261096605744126
0.5261096605744126
0.5261096605744126
0.5261096605744126
0.5261096605744126
0.5261096605744126
0.5130548302872062
0.5130548302872062
0.5130548302872062
0.5130548302872062
0.5130548302872062
0.5130548302872062
0.5130548302872062
0.5130548302872062
0.5130548302872062
0.5130548302872062
0.5130548302872062
0.5130548302872062
0.5130548302872062
0.5130548302872062
0.5130548302872062
0.695822454308094
0.695822454308094
0.695822454308094
0.695822454308094
0.695822454308094
0.695822454308094
0.695822454308094
0.695822454308094
0.695822454308094
0.695822454308094
0.695822454308094
0.695822454308094
0.695822454308094
0.695822454308094
0.695822454308094
0.783289817232376
0.783289817232376
0.783289817232376
0.783289817232376
0.783289817232376
0.783289817232376
0.783289817232376
0.783289817232376
0.783289817232376
0.783289817232376
0.783289817232376
0.783289817232376
0.783289817232376
0.783289817232376
0.783289817232376
0.5
0.5
0.5
0.5
0.5
0.5
0.5
0.5
0.5
0.5
0.5
0.5
0.5
0.5
0.5
0.7963446475195822
0.7963446475195822
0.7963446475195822
0.7963446475195822
0.7963446475195822
0.7963446475195822
0.7963446475195822
0.7963446475195822
0.7963446475195822
0.7963446475195822
0.7963446475195822
0.7963446475195822
0.7963446475195822
0.7963446475195822
0.7963446475195822
0.08224543080939949
0.08224543080939949
0.08224543080939949
0.08224543080939949
0.08224543080939949
0.08224543080939949
0.08224543080939949
0.08224543080939949
0.08224543080939949
0.08224543080939949
0.08224543080939949
0.08224543080939949
0.08224543080939949
0.08224543080939949
0.08224543080939949
0.5156657963446475
0.5156657963446475
0.5156657963446475
0.5156657963446475
0.5156657963446475
0.5156657963446475
0.5156657963446475
0.5156657963446475
0.5156657963446475
0.5156657963446475
0.5156657963446475
0.5156657963446475
0.5156657963446475
0.5156657963446475
0.5156657963446475
0.573107049608355
0.573107049608355
0.573107049608355
0.573107049608355
0.573107049608355
0.573107049608355
0.573107049608355
0.573107049608355
0.573107049608355
0.573107049608355
0.573107049608355
0.573107049608355
0.573107049608355
0.573107049608355
0.573107049608355
0.4451697127937337
0.4451697127937337
0.4451697127937337
0.4451697127937337
0.4451697127937337
0.4451697127937337
0.4451697127937337
0.4451697127937337
0.4451697127937337
0.4451697127937337
0.4451697127937337
0.4451697127937337
0.4451697127937337
0.4451697127937337
0.4451697127937337
0.8093994778067886
0.8093994778067886
0.8093994778067886
0.8093994778067886
0.8093994778067886
0.8093994778067886
0.8093994778067886
0.8093994778067886
0.8093994778067886
0.8093994778067886
0.8093994778067886
0.8093994778067886
0.8093994778067886
0.8093994778067886
0.8093994778067886
0.5052219321148825
0.5052219321148825
0.5052219321148825
0.5052219321148825
0.5052219321148825
0.5052219321148825
0.5052219321148825
0.5052219321148825
0.5052219321148825
0.5052219321148825
0.5052219321148825
0.5052219321148825
0.5052219321148825
0.5052219321148825
0.5052219321148825
0.8355091383812011
0.8355091383812011
0.8355091383812011
0.8355091383812011
0.8355091383812011
0.8355091383812011
0.8355091383812011
0.8355091383812011
0.8355091383812011
0.8355091383812011
0.8355091383812011
0.8355091383812011
0.8355091383812011
0.8355091383812011
0.8355091383812011
0.5691906005221933
0.5691906005221933
0.5691906005221933
0.5691906005221933
0.5691906005221933
0.5691906005221933
0.5691906005221933
0.5691906005221933
0.5691906005221933
0.5691906005221933
0.5691906005221933
0.5691906005221933
0.5691906005221933
0.5691906005221933
0.5691906005221933
0.9046997389033942
0.9046997389033942
0.9046997389033942
0.9046997389033942
0.9046997389033942
0.9046997389033942
0.9046997389033942
0.9046997389033942
0.9046997389033942
0.9046997389033942
0.9046997389033942
0.9046997389033942
0.9046997389033942
0.9046997389033942
0.9046997389033942
1.0
1.0
1.0
1.0
1.0
1.0
1.0
1.0
1.0
1.0
1.0
1.0
1.0
1.0
1.0
0.10052219321148825
0.10052219321148825
0.10052219321148825
0.10052219321148825
0.10052219321148825
0.10052219321148825
0.10052219321148825
0.10052219321148825
0.10052219321148825
0.10052219321148825
0.10052219321148825
0.10052219321148825
0.10052219321148825
0.10052219321148825
0.10052219321148825
0.07180156657963446
0.07180156657963446
0.07180156657963446
0.07180156657963446
0.07180156657963446
0.07180156657963446
0.07180156657963446
0.07180156657963446
0.07180156657963446
0.07180156657963446
0.07180156657963446
0.07180156657963446
0.07180156657963446
0.07180156657963446
0.07180156657963446
0.17493472584856398
0.17493472584856398
0.17493472584856398
0.17493472584856398
0.17493472584856398
0.17493472584856398
0.17493472584856398
0.17493472584856398
0.17493472584856398
0.17493472584856398
0.17493472584856398
0.17493472584856398
0.17493472584856398
0.17493472584856398
0.17493472584856398
0.5326370757180157
0.5326370757180157
0.5326370757180157
0.5326370757180157
0.5326370757180157
0.5326370757180157
0.5326370757180157
0.5326370757180157
0.5326370757180157
0.5326370757180157
0.5326370757180157
0.5326370757180157
0.5326370757180157
0.5326370757180157
0.5326370757180157
0.9099216710182767
0.9099216710182767
0.9099216710182767
0.9099216710182767
0.9099216710182767
0.9099216710182767
0.9099216710182767
0.9099216710182767
0.9099216710182767
0.9099216710182767
0.9099216710182767
0.9099216710182767
0.9099216710182767
0.9099216710182767
0.9099216710182767
0.5326370757180157
0.5326370757180157
0.5326370757180157
0.5326370757180157
0.5326370757180157
0.5326370757180157
0.5326370757180157
0.5326370757180157
0.5326370757180157
0.5326370757180157
0.5326370757180157
0.5326370757180157
0.5326370757180157
0.5326370757180157
0.5326370757180157
0.5326370757180157
0.5326370757180157
0.5326370757180157
0.5326370757180157
0.5326370757180157
0.5326370757180157
0.5326370757180157
0.5326370757180157
0.5326370757180157
0.5326370757180157
0.5326370757180157
0.5326370757180157
0.5326370757180157
0.5326370757180157
0.5326370757180157
0.9125326370757181
0.9125326370757181
0.9125326370757181
0.9125326370757181
0.9125326370757181
0.9125326370757181
0.9125326370757181
0.9125326370757181
0.9125326370757181
0.9125326370757181
0.9125326370757181
0.9125326370757181
0.9125326370757181
0.9125326370757181
0.9125326370757181
0.9660574412532638
0.9660574412532638
0.9660574412532638
0.9660574412532638
0.9660574412532638
0.9660574412532638
0.9660574412532638
0.9660574412532638
0.9660574412532638
0.9660574412532638
0.9660574412532638
0.9660574412532638
0.9660574412532638
0.9660574412532638
0.9660574412532638
0.8825065274151436
0.8825065274151436
0.8825065274151436
0.8825065274151436
0.8825065274151436
0.8825065274151436
0.8825065274151436
0.8825065274151436
0.8825065274151436
0.8825065274151436
0.8825065274151436
0.8825065274151436
0.8825065274151436
0.8825065274151436
0.8825065274151436
0.4516971279373368
0.4516971279373368
0.4516971279373368
0.4516971279373368
0.4516971279373368
0.4516971279373368
0.4516971279373368
0.4516971279373368
0.4516971279373368
0.4516971279373368
0.4516971279373368
0.4516971279373368
0.4516971279373368
0.4516971279373368
0.4516971279373368
0.9203655352480418
0.9203655352480418
0.9203655352480418
0.9203655352480418
0.9203655352480418
0.9203655352480418
0.9203655352480418
0.9203655352480418
0.9203655352480418
0.9203655352480418
0.9203655352480418
0.9203655352480418
0.9203655352480418
0.9203655352480418
0.9203655352480418
0.14882506527415146
0.14882506527415146
0.14882506527415146
0.14882506527415146
0.14882506527415146
0.14882506527415146
0.14882506527415146
0.14882506527415146
0.14882506527415146
0.14882506527415146
0.14882506527415146
0.14882506527415146
0.14882506527415146
0.14882506527415146
0.14882506527415146
0.11096605744125328
0.11096605744125328
0.11096605744125328
0.11096605744125328
0.11096605744125328
0.11096605744125328
0.11096605744125328
0.11096605744125328
0.11096605744125328
0.11096605744125328
0.11096605744125328
0.11096605744125328
0.11096605744125328
0.11096605744125328
0.11096605744125328
0.6174934725848564
0.6174934725848564
0.6174934725848564
0.6174934725848564
0.6174934725848564
0.6174934725848564
0.6174934725848564
0.6174934725848564
0.6174934725848564
0.6174934725848564
0.6174934725848564
0.6174934725848564
0.6174934725848564
0.6174934725848564
0.6174934725848564
0.5626631853785902
0.5626631853785902
0.5626631853785902
0.5626631853785902
0.5626631853785902
0.5626631853785902
0.5626631853785902
0.5626631853785902
0.5626631853785902
0.5626631853785902
0.5626631853785902
0.5626631853785902
0.5626631853785902
0.5626631853785902
0.5626631853785902
0.8537859007832898
0.8537859007832898
0.8537859007832898
0.8537859007832898
0.8537859007832898
0.8537859007832898
0.8537859007832898
0.8537859007832898
0.8537859007832898
0.8537859007832898
0.8537859007832898
0.8537859007832898
0.8537859007832898
0.8537859007832898
0.8537859007832898
0.6475195822454308
0.6475195822454308
0.6475195822454308
0.6475195822454308
0.6475195822454308
0.6475195822454308
0.6475195822454308
0.6475195822454308
0.6475195822454308
0.6475195822454308
0.6475195822454308
0.6475195822454308
0.6475195822454308
0.6475195822454308
0.6475195822454308
0.54177545691906
0.54177545691906
0.54177545691906
0.54177545691906
0.54177545691906
0.54177545691906
0.54177545691906
0.54177545691906
0.54177545691906
0.54177545691906
0.54177545691906
0.54177545691906
0.54177545691906
0.54177545691906
0.54177545691906
0.09921671018276762
0.09921671018276762
0.09921671018276762
0.09921671018276762
0.09921671018276762
0.09921671018276762
0.09921671018276762
0.09921671018276762
0.09921671018276762
0.09921671018276762
0.09921671018276762
0.09921671018276762
0.09921671018276762
0.09921671018276762
0.09921671018276762
0.8655352480417754
0.8655352480417754
0.8655352480417754
0.8655352480417754
0.8655352480417754
0.8655352480417754
0.8655352480417754
0.8655352480417754
0.8655352480417754
0.8655352480417754
0.8655352480417754
0.8655352480417754
0.8655352480417754
0.8655352480417754
0.8655352480417754
0.5078328981723237
0.5078328981723237
0.5078328981723237
0.5078328981723237
0.5078328981723237
0.5078328981723237
0.5078328981723237
0.5078328981723237
0.5078328981723237
0.5078328981723237
0.5078328981723237
0.5078328981723237
0.5078328981723237
0.5078328981723237
0.5078328981723237
0.475195822454308
0.475195822454308
0.475195822454308
0.475195822454308
0.475195822454308
0.475195822454308
0.475195822454308
0.475195822454308
0.475195822454308
0.475195822454308
0.475195822454308
0.475195822454308
0.475195822454308
0.475195822454308
0.475195822454308
0.902088772845953
0.902088772845953
0.902088772845953
0.902088772845953
0.902088772845953
0.902088772845953
0.902088772845953
0.902088772845953
0.902088772845953
0.902088772845953
0.902088772845953
0.902088772845953
0.902088772845953
0.902088772845953
0.902088772845953
0.5300261096605745
0.5300261096605745
0.5300261096605745
0.5300261096605745
0.5300261096605745
0.5300261096605745
0.5300261096605745
0.5300261096605745
0.5300261096605745
0.5300261096605745
0.5300261096605745
0.5300261096605745
0.5300261096605745
0.5300261096605745
0.5300261096605745
0.11618798955613578
0.11618798955613578
0.11618798955613578
0.11618798955613578
0.11618798955613578
0.11618798955613578
0.11618798955613578
0.11618798955613578
0.11618798955613578
0.11618798955613578
0.11618798955613578
0.11618798955613578
0.11618798955613578
0.11618798955613578
0.11618798955613578
0.5483028720626631
0.5483028720626631
0.5483028720626631
0.5483028720626631
0.5483028720626631
0.5483028720626631
0.5483028720626631
0.5483028720626631
0.5483028720626631
0.5483028720626631
0.5483028720626631
0.5483028720626631
0.5483028720626631
0.5483028720626631
0.5483028720626631
0.489556135770235
0.489556135770235
0.489556135770235
0.489556135770235
0.489556135770235
0.489556135770235
0.489556135770235
0.489556135770235
0.489556135770235
0.489556135770235
0.489556135770235
0.489556135770235
0.489556135770235
0.489556135770235
0.489556135770235
0.7140992167101827
0.7140992167101827
0.7140992167101827
0.7140992167101827
0.7140992167101827
0.7140992167101827
0.7140992167101827
0.7140992167101827
0.7140992167101827
0.7140992167101827
0.7140992167101827
0.7140992167101827
0.7140992167101827
0.7140992167101827
0.7140992167101827
0.9973890339425588
0.9973890339425588
0.9973890339425588
0.9973890339425588
0.9973890339425588
0.9973890339425588
0.9973890339425588
0.9973890339425588
0.9973890339425588
0.9973890339425588
0.9973890339425588
0.9973890339425588
0.9973890339425588
0.9973890339425588
0.9973890339425588
0.47780678851174935
0.47780678851174935
0.47780678851174935
0.47780678851174935
0.47780678851174935
0.47780678851174935
0.47780678851174935
0.47780678851174935
0.47780678851174935
0.47780678851174935
0.47780678851174935
0.47780678851174935
0.47780678851174935
0.47780678851174935
0.47780678851174935
0.6788511749347259
0.6788511749347259
0.6788511749347259
0.6788511749347259
0.6788511749347259
0.6788511749347259
0.6788511749347259
0.6788511749347259
0.6788511749347259
0.6788511749347259
0.6788511749347259
0.6788511749347259
0.6788511749347259
0.6788511749347259
0.6788511749347259
0.9033942558746736
0.9033942558746736
0.9033942558746736
0.9033942558746736
0.9033942558746736
0.9033942558746736
0.9033942558746736
0.9033942558746736
0.9033942558746736
0.9033942558746736
0.9033942558746736
0.9033942558746736
0.9033942558746736
0.9033942558746736
0.9033942558746736
0.5548302872062663
0.5548302872062663
0.5548302872062663
0.5548302872062663
0.5548302872062663
0.5548302872062663
0.5548302872062663
0.5548302872062663
0.5548302872062663
0.5548302872062663
0.5548302872062663
0.5548302872062663
0.5548302872062663
0.5548302872062663
0.5548302872062663
0.45822454308093996
0.45822454308093996
0.45822454308093996
0.45822454308093996
0.45822454308093996
0.45822454308093996
0.45822454308093996
0.45822454308093996
0.45822454308093996
0.45822454308093996
0.45822454308093996
0.45822454308093996
0.45822454308093996
0.45822454308093996
0.45822454308093996
0.12924281984334204
0.12924281984334204
0.12924281984334204
0.12924281984334204
0.12924281984334204
0.12924281984334204
0.12924281984334204
0.12924281984334204
0.12924281984334204
0.12924281984334204
0.12924281984334204
0.12924281984334204
0.12924281984334204
0.12924281984334204
0.12924281984334204
0.6031331592689295
0.6031331592689295
0.6031331592689295
0.6031331592689295
0.6031331592689295
0.6031331592689295
0.6031331592689295
0.6031331592689295
0.6031331592689295
0.6031331592689295
0.6031331592689295
0.6031331592689295
0.6031331592689295
0.6031331592689295
0.6031331592689295
0.8368146214099217
0.8368146214099217
0.8368146214099217
0.8368146214099217
0.8368146214099217
0.8368146214099217
0.8368146214099217
0.8368146214099217
0.8368146214099217
0.8368146214099217
0.8368146214099217
0.8368146214099217
0.8368146214099217
0.8368146214099217
0.8368146214099217
0.9934725848563968
0.9934725848563968
0.9934725848563968
0.9934725848563968
0.9934725848563968
0.9934725848563968
0.9934725848563968
0.9934725848563968
0.9934725848563968
0.9934725848563968
0.9934725848563968
0.9934725848563968
0.9934725848563968
0.9934725848563968
0.9934725848563968
0.6148825065274152
0.6148825065274152
0.6148825065274152
0.6148825065274152
0.6148825065274152
0.6148825065274152
0.6148825065274152
0.6148825065274152
0.6148825065274152
0.6148825065274152
0.6148825065274152
0.6148825065274152
0.6148825065274152
0.6148825065274152
0.6148825065274152
0.6919060052219321
0.6919060052219321
0.6919060052219321
0.6919060052219321
0.6919060052219321
0.6919060052219321
0.6919060052219321
0.6919060052219321
0.6919060052219321
0.6919060052219321
0.6919060052219321
0.6919060052219321
0.6919060052219321
0.6919060052219321
0.6919060052219321
0.8133159268929504
0.8133159268929504
0.8133159268929504
0.8133159268929504
0.8133159268929504
0.8133159268929504
0.8133159268929504
0.8133159268929504
0.8133159268929504
0.8133159268929504
0.8133159268929504
0.8133159268929504
0.8133159268929504
0.8133159268929504
0.8133159268929504
0.6671018276762403
0.6671018276762403
0.6671018276762403
0.6671018276762403
0.6671018276762403
0.6671018276762403
0.6671018276762403
0.6671018276762403
0.6671018276762403
0.6671018276762403
0.6671018276762403
0.6671018276762403
0.6671018276762403
0.6671018276762403
0.6671018276762403
0.4986945169712794
0.4986945169712794
0.4986945169712794
0.4986945169712794
0.4986945169712794
0.4986945169712794
0.4986945169712794
0.4986945169712794
0.4986945169712794
0.4986945169712794
0.4986945169712794
0.4986945169712794
0.4986945169712794
0.4986945169712794
0.4986945169712794
0.5456919060052219
0.5456919060052219
0.5456919060052219
0.5456919060052219
0.5456919060052219
0.5456919060052219
0.5456919060052219
0.5456919060052219
0.5456919060052219
0.5456919060052219
0.5456919060052219
0.5456919060052219
0.5456919060052219
0.5456919060052219
0.5456919060052219
0.5992167101827676
0.5992167101827676
0.5992167101827676
0.5992167101827676
0.5992167101827676
0.5992167101827676
0.5992167101827676
0.5992167101827676
0.5992167101827676
0.5992167101827676
0.5992167101827676
0.5992167101827676
0.5992167101827676
0.5992167101827676
0.5992167101827676
0.7545691906005222
0.7545691906005222
0.7545691906005222
0.7545691906005222
0.7545691906005222
0.7545691906005222
0.7545691906005222
0.7545691906005222
0.7545691906005222
0.7545691906005222
0.7545691906005222
0.7545691906005222
0.7545691906005222
0.7545691906005222
0.7545691906005222
0.10704960835509139
0.10704960835509139
0.10704960835509139
0.10704960835509139
0.10704960835509139
0.10704960835509139
0.10704960835509139
0.10704960835509139
0.10704960835509139
0.10704960835509139
0.10704960835509139
0.10704960835509139
0.10704960835509139
0.10704960835509139
0.10704960835509139
0.6174934725848564
0.6174934725848564
0.6174934725848564
0.6174934725848564
0.6174934725848564
0.6174934725848564
0.6174934725848564
0.6174934725848564
0.6174934725848564
0.6174934725848564
0.6174934725848564
0.6174934725848564
0.6174934725848564
0.6174934725848564
0.6174934725848564
0.09007832898172326
0.09007832898172326
0.09007832898172326
0.09007832898172326
0.09007832898172326
0.09007832898172326
0.09007832898172326
0.09007832898172326
0.09007832898172326
0.09007832898172326
0.09007832898172326
0.09007832898172326
0.09007832898172326
0.09007832898172326
0.09007832898172326
0.5274151436031331
0.5274151436031331
0.5274151436031331
0.5274151436031331
0.5274151436031331
0.5274151436031331
0.5274151436031331
0.5274151436031331
0.5274151436031331
0.5274151436031331
0.5274151436031331
0.5274151436031331
0.5274151436031331
0.5274151436031331
0.5274151436031331
0.6253263707571801
0.6253263707571801
0.6253263707571801
0.6253263707571801
0.6253263707571801
0.6253263707571801
0.6253263707571801
0.6253263707571801
0.6253263707571801
0.6253263707571801
0.6253263707571801
0.6253263707571801
0.6253263707571801
0.6253263707571801
0.6253263707571801
0.8263707571801566
0.8263707571801566
0.8263707571801566
0.8263707571801566
0.8263707571801566
0.8263707571801566
0.8263707571801566
0.8263707571801566
0.8263707571801566
0.8263707571801566
0.8263707571801566
0.8263707571801566
0.8263707571801566
0.8263707571801566
0.8263707571801566
0.6318537859007832
0.6318537859007832
0.6318537859007832
0.6318537859007832
0.6318537859007832
0.6318537859007832
0.6318537859007832
0.6318537859007832
0.6318537859007832
0.6318537859007832
0.6318537859007832
0.6318537859007832
0.6318537859007832
0.6318537859007832
0.6318537859007832
0.7075718015665796
0.7075718015665796
0.7075718015665796
0.7075718015665796
0.7075718015665796
0.7075718015665796
0.7075718015665796
0.7075718015665796
0.7075718015665796
0.7075718015665796
0.7075718015665796
0.7075718015665796
0.7075718015665796
0.7075718015665796
0.7075718015665796
0.9242819843342036
0.9242819843342036
0.9242819843342036
0.9242819843342036
0.9242819843342036
0.9242819843342036
0.9242819843342036
0.9242819843342036
0.9242819843342036
0.9242819843342036
0.9242819843342036
0.9242819843342036
0.9242819843342036
0.9242819843342036
0.9242819843342036
0.8733681462140993
0.8733681462140993
0.8733681462140993
0.8733681462140993
0.8733681462140993
0.8733681462140993
0.8733681462140993
0.8733681462140993
0.8733681462140993
0.8733681462140993
0.8733681462140993
0.8733681462140993
0.8733681462140993
0.8733681462140993
0.8733681462140993
0.8563968668407311
0.8563968668407311
0.8563968668407311
0.8563968668407311
0.8563968668407311
0.8563968668407311
0.8563968668407311
0.8563968668407311
0.8563968668407311
0.8563968668407311
0.8563968668407311
0.8563968668407311
0.8563968668407311
0.8563968668407311
0.8563968668407311
0.5
0.5
0.5
0.5
0.5
0.5
0.5
0.5
0.5
0.5
0.5
0.5
0.5
0.5
0.5
0.1122715404699739
0.1122715404699739
0.1122715404699739
0.1122715404699739
0.1122715404699739
0.1122715404699739
0.1122715404699739
0.1122715404699739
0.1122715404699739
0.1122715404699739
0.1122715404699739
0.1122715404699739
0.1122715404699739
0.1122715404699739
0.1122715404699739
0.5287206266318537
0.5287206266318537
0.5287206266318537
0.5287206266318537
0.5287206266318537
0.5287206266318537
0.5287206266318537
0.5287206266318537
0.5287206266318537
0.5287206266318537
0.5287206266318537
0.5287206266318537
0.5287206266318537
0.5287206266318537
0.5287206266318537
0.5678851174934725
0.5678851174934725
0.5678851174934725
0.5678851174934725
0.5678851174934725
0.5678851174934725
0.5678851174934725
0.5678851174934725
0.5678851174934725
0.5678851174934725
0.5678851174934725
0.5678851174934725
0.5678851174934725
0.5678851174934725
0.5678851174934725
0.1579634464751958
0.1579634464751958
0.1579634464751958
0.1579634464751958
0.1579634464751958
0.1579634464751958
0.1579634464751958
0.1579634464751958
0.1579634464751958
0.1579634464751958
0.1579634464751958
0.1579634464751958
0.1579634464751958
0.1579634464751958
0.1579634464751958
0.8537859007832898
0.8537859007832898
0.8537859007832898
0.8537859007832898
0.8537859007832898
0.8537859007832898
0.8537859007832898
0.8537859007832898
0.8537859007832898
0.8537859007832898
0.8537859007832898
0.8537859007832898
0.8537859007832898
0.8537859007832898
0.8537859007832898
0.1122715404699739
0.1122715404699739
0.1122715404699739
0.1122715404699739
0.1122715404699739
0.1122715404699739
0.1122715404699739
0.1122715404699739
0.1122715404699739
0.1122715404699739
0.1122715404699739
0.1122715404699739
0.1122715404699739
0.1122715404699739
0.1122715404699739
0.9151436031331592
0.9151436031331592
0.9151436031331592
0.9151436031331592
0.9151436031331592
0.9151436031331592
0.9151436031331592
0.9151436031331592
0.9151436031331592
0.9151436031331592
0.9151436031331592
0.9151436031331592
0.9151436031331592
0.9151436031331592
0.9151436031331592
0.8720626631853785
0.8720626631853785
0.8720626631853785
0.8720626631853785
0.8720626631853785
0.8720626631853785
0.8720626631853785
0.8720626631853785
0.8720626631853785
0.8720626631853785
0.8720626631853785
0.8720626631853785
0.8720626631853785
0.8720626631853785
0.8720626631853785
0.05091383812010445
0.05091383812010445
0.05091383812010445
0.05091383812010445
0.05091383812010445
0.05091383812010445
0.05091383812010445
0.05091383812010445
0.05091383812010445
0.05091383812010445
0.05091383812010445
0.05091383812010445
0.05091383812010445
0.05091383812010445
0.05091383812010445
0.5091383812010444
0.5091383812010444
0.5091383812010444
0.5091383812010444
0.5091383812010444
0.5091383812010444
0.5091383812010444
0.5091383812010444
0.5091383812010444
0.5091383812010444
0.5091383812010444
0.5091383812010444
0.5091383812010444
0.5091383812010444
0.5091383812010444
0.035248041775456915
0.035248041775456915
0.035248041775456915
0.035248041775456915
0.035248041775456915
0.035248041775456915
0.035248041775456915
0.035248041775456915
0.035248041775456915
0.035248041775456915
0.035248041775456915
0.035248041775456915
0.035248041775456915
0.035248041775456915
0.035248041775456915
0.7715404699738904
0.7715404699738904
0.7715404699738904
0.7715404699738904
0.7715404699738904
0.7715404699738904
0.7715404699738904
0.7715404699738904
0.7715404699738904
0.7715404699738904
0.7715404699738904
0.7715404699738904
0.7715404699738904
0.7715404699738904
0.7715404699738904
0.5809399477806788
0.5809399477806788
0.5809399477806788
0.5809399477806788
0.5809399477806788
0.5809399477806788
0.5809399477806788
0.5809399477806788
0.5809399477806788
0.5809399477806788
0.5809399477806788
0.5809399477806788
0.5809399477806788
0.5809399477806788
0.5809399477806788
0.9190600522193212
0.9190600522193212
0.9190600522193212
0.9190600522193212
0.9190600522193212
0.9190600522193212
0.9190600522193212
0.9190600522193212
0.9190600522193212
0.9190600522193212
0.9190600522193212
0.9190600522193212
0.9190600522193212
0.9190600522193212
0.9190600522193212
0.7715404699738904
0.7715404699738904
0.7715404699738904
0.7715404699738904
0.7715404699738904
0.7715404699738904
0.7715404699738904
0.7715404699738904
0.7715404699738904
0.7715404699738904
0.7715404699738904
0.7715404699738904
0.7715404699738904
0.7715404699738904
0.7715404699738904
0.4412532637075718
0.4412532637075718
0.4412532637075718
0.4412532637075718
0.4412532637075718
0.4412532637075718
0.4412532637075718
0.4412532637075718
0.4412532637075718
0.4412532637075718
0.4412532637075718
0.4412532637075718
0.4412532637075718
0.4412532637075718
0.4412532637075718
0.06135770234986945
0.06135770234986945
0.06135770234986945
0.06135770234986945
0.06135770234986945
0.06135770234986945
0.06135770234986945
0.06135770234986945
0.06135770234986945
0.06135770234986945
0.06135770234986945
0.06135770234986945
0.06135770234986945
0.06135770234986945
0.06135770234986945
0.22715404699738906
0.22715404699738906
0.22715404699738906
0.22715404699738906
0.22715404699738906
0.22715404699738906
0.22715404699738906
0.22715404699738906
0.22715404699738906
0.22715404699738906
0.22715404699738906
0.22715404699738906
0.22715404699738906
0.22715404699738906
0.22715404699738906
0.18668407310704963
0.18668407310704963
0.18668407310704963
0.18668407310704963
0.18668407310704963
0.18668407310704963
0.18668407310704963
0.18668407310704963
0.18668407310704963
0.18668407310704963
0.18668407310704963
0.18668407310704963
0.18668407310704963
0.18668407310704963
0.18668407310704963
0.7049608355091385
0.7049608355091385
0.7049608355091385
0.7049608355091385
0.7049608355091385
0.7049608355091385
0.7049608355091385
0.7049608355091385
0.7049608355091385
0.7049608355091385
0.7049608355091385
0.7049608355091385
0.7049608355091385
0.7049608355091385
0.7049608355091385
0.7519582245430809
0.7519582245430809
0.7519582245430809
0.7519582245430809
0.7519582245430809
0.7519582245430809
0.7519582245430809
0.7519582245430809
0.7519582245430809
0.7519582245430809
0.7519582245430809
0.7519582245430809
0.7519582245430809
0.7519582245430809
0.7519582245430809
0.7767624020887729
0.7767624020887729
0.7767624020887729
0.7767624020887729
0.7767624020887729
0.7767624020887729
0.7767624020887729
0.7767624020887729
0.7767624020887729
0.7767624020887729
0.7767624020887729
0.7767624020887729
0.7767624020887729
0.7767624020887729
0.7767624020887729
0.44386422976501305
0.44386422976501305
0.44386422976501305
0.44386422976501305
0.44386422976501305
0.44386422976501305
0.44386422976501305
0.44386422976501305
0.44386422976501305
0.44386422976501305
0.44386422976501305
0.44386422976501305
0.44386422976501305
0.44386422976501305
0.44386422976501305
0.09660574412532637
0.09660574412532637
0.09660574412532637
0.09660574412532637
0.09660574412532637
0.09660574412532637
0.09660574412532637
0.09660574412532637
0.09660574412532637
0.09660574412532637
0.09660574412532637
0.09660574412532637
0.09660574412532637
0.09660574412532637
0.09660574412532637
0.5535248041775457
0.5535248041775457
0.5535248041775457
0.5535248041775457
0.5535248041775457
0.5535248041775457
0.5535248041775457
0.5535248041775457
0.5535248041775457
0.5535248041775457
0.5535248041775457
0.5535248041775457
0.5535248041775457
0.5535248041775457
0.5535248041775457
0.8720626631853785
0.8720626631853785
0.8720626631853785
0.8720626631853785
0.8720626631853785
0.8720626631853785
0.8720626631853785
0.8720626631853785
0.8720626631853785
0.8720626631853785
0.8720626631853785
0.8720626631853785
0.8720626631853785
0.8720626631853785
0.8720626631853785
0.18146214099216712
0.18146214099216712
0.18146214099216712
0.18146214099216712
0.18146214099216712
0.18146214099216712
0.18146214099216712
0.18146214099216712
0.18146214099216712
0.18146214099216712
0.18146214099216712
0.18146214099216712
0.18146214099216712
0.18146214099216712
0.18146214099216712
0.8759791122715405
0.8759791122715405
0.8759791122715405
0.8759791122715405
0.8759791122715405
0.8759791122715405
0.8759791122715405
0.8759791122715405
0.8759791122715405
0.8759791122715405
0.8759791122715405
0.8759791122715405
0.8759791122715405
0.8759791122715405
0.8759791122715405
0.1370757180156658
0.1370757180156658
0.1370757180156658
0.1370757180156658
0.1370757180156658
0.1370757180156658
0.1370757180156658
0.1370757180156658
0.1370757180156658
0.1370757180156658
0.1370757180156658
0.1370757180156658
0.1370757180156658
0.1370757180156658
0.1370757180156658
0.618798955613577
0.618798955613577
0.618798955613577
0.618798955613577
0.618798955613577
0.618798955613577
0.618798955613577
0.618798955613577
0.618798955613577
0.618798955613577
0.618798955613577
0.618798955613577
0.618798955613577
0.618798955613577
0.618798955613577
0.024804177545691905
0.024804177545691905
0.024804177545691905
0.024804177545691905
0.024804177545691905
0.024804177545691905
0.024804177545691905
0.024804177545691905
0.024804177545691905
0.024804177545691905
0.024804177545691905
0.024804177545691905
0.024804177545691905
0.024804177545691905
0.024804177545691905
0.4973890339425588
0.4973890339425588
0.4973890339425588
0.4973890339425588
0.4973890339425588
0.4973890339425588
0.4973890339425588
0.4973890339425588
0.4973890339425588
0.4973890339425588
0.4973890339425588
0.4973890339425588
0.4973890339425588
0.4973890339425588
0.4973890339425588
0.5574412532637076
0.5574412532637076
0.5574412532637076
0.5574412532637076
0.5574412532637076
0.5574412532637076
0.5574412532637076
0.5574412532637076
0.5574412532637076
0.5574412532637076
0.5574412532637076
0.5574412532637076
0.5574412532637076
0.5574412532637076
0.5574412532637076
0.12271540469973892
0.12271540469973892
0.12271540469973892
0.12271540469973892
0.12271540469973892
0.12271540469973892
0.12271540469973892
0.12271540469973892
0.12271540469973892
0.12271540469973892
0.12271540469973892
0.12271540469973892
0.12271540469973892
0.12271540469973892
0.12271540469973892
0.9908616187989556
0.9908616187989556
0.9908616187989556
0.9908616187989556
0.9908616187989556
0.9908616187989556
0.9908616187989556
0.9908616187989556
0.9908616187989556
0.9908616187989556
0.9908616187989556
0.9908616187989556
0.9908616187989556
0.9908616187989556
0.9908616187989556
0.2793733681462141
0.2793733681462141
0.2793733681462141
0.2793733681462141
0.2793733681462141
0.2793733681462141
0.2793733681462141
0.2793733681462141
0.2793733681462141
0.2793733681462141
0.2793733681462141
0.2793733681462141
0.2793733681462141
0.2793733681462141
0.2793733681462141
0.6553524804177546
0.6553524804177546
0.6553524804177546
0.6553524804177546
0.6553524804177546
0.6553524804177546
0.6553524804177546
0.6553524804177546
0.6553524804177546
0.6553524804177546
0.6553524804177546
0.6553524804177546
0.6553524804177546
0.6553524804177546
0.6553524804177546
0.7140992167101827
0.7140992167101827
0.7140992167101827
0.7140992167101827
0.7140992167101827
0.7140992167101827
0.7140992167101827
0.7140992167101827
0.7140992167101827
0.7140992167101827
0.7140992167101827
0.7140992167101827
0.7140992167101827
0.7140992167101827
0.7140992167101827
0.7624020887728459
0.7624020887728459
0.7624020887728459
0.7624020887728459
0.7624020887728459
0.7624020887728459
0.7624020887728459
0.7624020887728459
0.7624020887728459
0.7624020887728459
0.7624020887728459
0.7624020887728459
0.7624020887728459
0.7624020887728459
0.7624020887728459
0.1122715404699739
0.1122715404699739
0.1122715404699739
0.1122715404699739
0.1122715404699739
0.1122715404699739
0.1122715404699739
0.1122715404699739
0.1122715404699739
0.1122715404699739
0.1122715404699739
0.1122715404699739
0.1122715404699739
0.1122715404699739
0.1122715404699739
0.03655352480417754
0.03655352480417754
0.03655352480417754
0.03655352480417754
0.03655352480417754
0.03655352480417754
0.03655352480417754
0.03655352480417754
0.03655352480417754
0.03655352480417754
0.03655352480417754
0.03655352480417754
0.03655352480417754
0.03655352480417754
0.03655352480417754
0.11749347258485641
0.11749347258485641
0.11749347258485641
0.11749347258485641
0.11749347258485641
0.11749347258485641
0.11749347258485641
0.11749347258485641
0.11749347258485641
0.11749347258485641
0.11749347258485641
0.11749347258485641
0.11749347258485641
0.11749347258485641
0.11749347258485641
0.19321148825065274
0.19321148825065274
0.19321148825065274
0.19321148825065274
0.19321148825065274
0.19321148825065274
0.19321148825065274
0.19321148825065274
0.19321148825065274
0.19321148825065274
0.19321148825065274
0.19321148825065274
0.19321148825065274
0.19321148825065274
0.19321148825065274
0.9203655352480418
0.9203655352480418
0.9203655352480418
0.9203655352480418
0.9203655352480418
0.9203655352480418
0.9203655352480418
0.9203655352480418
0.9203655352480418
0.9203655352480418
0.9203655352480418
0.9203655352480418
0.9203655352480418
0.9203655352480418
0.9203655352480418
0.15404699738903396
0.15404699738903396
0.15404699738903396
0.15404699738903396
0.15404699738903396
0.15404699738903396
0.15404699738903396
0.15404699738903396
0.15404699738903396
0.15404699738903396
0.15404699738903396
0.15404699738903396
0.15404699738903396
0.15404699738903396
0.15404699738903396
0.8120104438642297
0.8120104438642297
0.8120104438642297
0.8120104438642297
0.8120104438642297
0.8120104438642297
0.8120104438642297
0.8120104438642297
0.8120104438642297
0.8120104438642297
0.8120104438642297
0.8120104438642297
0.8120104438642297
0.8120104438642297
0.8120104438642297
0.23890339425587467
0.23890339425587467
0.23890339425587467
0.23890339425587467
0.23890339425587467
0.23890339425587467
0.23890339425587467
0.23890339425587467
0.23890339425587467
0.23890339425587467
0.23890339425587467
0.23890339425587467
0.23890339425587467
0.23890339425587467
0.23890339425587467
