0.004651162790697679
0.004651162790697679
0.004651162790697679
0.004651162790697679
0.004651162790697679
0.004651162790697679
0.004651162790697679
0.004651162790697679
0.004651162790697679
0.004651162790697679
0.004651162790697679
0.004651162790697679
0.004651162790697679
0.004651162790697679
0.004651162790697679
0.12403100775193798
0.12403100775193798
0.12403100775193798
0.12403100775193798
0.12403100775193798
0.12403100775193798
0.12403100775193798
0.12403100775193798
0.12403100775193798
0.12403100775193798
0.12403100775193798
0.12403100775193798
0.12403100775193798
0.12403100775193798
0.12403100775193798
0.08527131782945736
0.08527131782945736
0.08527131782945736
0.08527131782945736
0.08527131782945736
0.08527131782945736
0.08527131782945736
0.08527131782945736
0.08527131782945736
0.08527131782945736
0.08527131782945736
0.08527131782945736
0.08527131782945736
0.08527131782945736
0.08527131782945736
0.18914728682170542
0.18914728682170542
0.18914728682170542
0.18914728682170542
0.18914728682170542
0.18914728682170542
0.18914728682170542
0.18914728682170542
0.18914728682170542
0.18914728682170542
0.18914728682170542
0.18914728682170542
0.18914728682170542
0.18914728682170542
0.18914728682170542
0.4542635658914729
0.4542635658914729
0.4542635658914729
0.4542635658914729
0.4542635658914729
0.4542635658914729
0.4542635658914729
0.4542635658914729
0.4542635658914729
0.4542635658914729
0.4542635658914729
0.4542635658914729
0.4542635658914729
0.4542635658914729
0.4542635658914729
0.048062015503875975
0.048062015503875975
0.048062015503875975
0.048062015503875975
0.048062015503875975
0.048062015503875975
0.048062015503875975
0.048062015503875975
0.048062015503875975
0.048062015503875975
0.048062015503875975
0.048062015503875975
0.048062015503875975
0.048062015503875975
0.048062015503875975
0.4852713178294573
0.4852713178294573
0.4852713178294573
0.4852713178294573
0.4852713178294573
0.4852713178294573
0.4852713178294573
0.4852713178294573
0.4852713178294573
0.4852713178294573
0.4852713178294573
0.4852713178294573
0.4852713178294573
0.4852713178294573
0.4852713178294573
0.7395348837209301
0.7395348837209301
0.7395348837209301
0.7395348837209301
0.7395348837209301
0.7395348837209301
0.7395348837209301
0.7395348837209301
0.7395348837209301
0.7395348837209301
0.7395348837209301
0.7395348837209301
0.7395348837209301
0.7395348837209301
0.7395348837209301
0.16124031007751938
0.16124031007751938
0.16124031007751938
0.16124031007751938
0.16124031007751938
0.16124031007751938
0.16124031007751938
0.16124031007751938
0.16124031007751938
0.16124031007751938
0.16124031007751938
0.16124031007751938
0.16124031007751938
0.16124031007751938
0.16124031007751938
0.0930232558139535
0.0930232558139535
0.0930232558139535
0.0930232558139535
0.0930232558139535
0.0930232558139535
0.0930232558139535
0.0930232558139535
0.0930232558139535
0.0930232558139535
0.0930232558139535
0.0930232558139535
0.0930232558139535
0.0930232558139535
0.0930232558139535
0.0434108527131783
0.0434108527131783
0.0434108527131783
0.0434108527131783
0.0434108527131783
0.0434108527131783
0.0434108527131783
0.0434108527131783
0.0434108527131783
0.0434108527131783
0.0434108527131783
0.0434108527131783
0.0434108527131783
0.0434108527131783
0.0434108527131783
0.15348837209302324
0.15348837209302324
0.15348837209302324
0.15348837209302324
0.15348837209302324
0.15348837209302324
0.15348837209302324
0.15348837209302324
0.15348837209302324
0.15348837209302324
0.15348837209302324
0.15348837209302324
0.15348837209302324
0.15348837209302324
0.15348837209302324
0.003100775193798452
0.003100775193798452
0.003100775193798452
0.003100775193798452
0.003100775193798452
0.003100775193798452
0.003100775193798452
0.003100775193798452
0.003100775193798452
0.003100775193798452
0.003100775193798452
0.003100775193798452
0.003100775193798452
0.003100775193798452
0.003100775193798452
0.5829457364341085
0.5829457364341085
0.5829457364341085
0.5829457364341085
0.5829457364341085
0.5829457364341085
0.5829457364341085
0.5829457364341085
0.5829457364341085
0.5829457364341085
0.5829457364341085
0.5829457364341085
0.5829457364341085
0.5829457364341085
0.5829457364341085
0.006201550387596904
0.006201550387596904
0.006201550387596904
0.006201550387596904
0.006201550387596904
0.006201550387596904
0.006201550387596904
0.006201550387596904
0.006201550387596904
0.006201550387596904
0.006201550387596904
0.006201550387596904
0.006201550387596904
0.006201550387596904
0.006201550387596904
0.8604651162790697
0.8604651162790697
0.8604651162790697
0.8604651162790697
0.8604651162790697
0.8604651162790697
0.8604651162790697
0.8604651162790697
0.8604651162790697
0.8604651162790697
0.8604651162790697
0.8604651162790697
0.8604651162790697
0.8604651162790697
0.8604651162790697
0.9054263565891473
0.9054263565891473
0.9054263565891473
0.9054263565891473
0.9054263565891473
0.9054263565891473
0.9054263565891473
0.9054263565891473
0.9054263565891473
0.9054263565891473
0.9054263565891473
0.9054263565891473
0.9054263565891473
0.9054263565891473
0.9054263565891473
0.6310077519379845
0.6310077519379845
0.6310077519379845
0.6310077519379845
0.6310077519379845
0.6310077519379845
0.6310077519379845
0.6310077519379845
0.6310077519379845
0.6310077519379845
0.6310077519379845
0.6310077519379845
0.6310077519379845
0.6310077519379845
0.6310077519379845
0.9023255813953489
0.9023255813953489
0.9023255813953489
0.9023255813953489
0.9023255813953489
0.9023255813953489
0.9023255813953489
0.9023255813953489
0.9023255813953489
0.9023255813953489
0.9023255813953489
0.9023255813953489
0.9023255813953489
0.9023255813953489
0.9023255813953489
0.5085271317829457
0.5085271317829457
0.5085271317829457
0.5085271317829457
0.5085271317829457
0.5085271317829457
0.5085271317829457
0.5085271317829457
0.5085271317829457
0.5085271317829457
0.5085271317829457
0.5085271317829457
0.5085271317829457
0.5085271317829457
0.5085271317829457
0.032558139534883714
0.032558139534883714
0.032558139534883714
0.032558139534883714
0.032558139534883714
0.032558139534883714
0.032558139534883714
0.032558139534883714
0.032558139534883714
0.032558139534883714
0.032558139534883714
0.032558139534883714
0.032558139534883714
0.032558139534883714
0.032558139534883714
0.7472868217054264
0.7472868217054264
0.7472868217054264
0.7472868217054264
0.7472868217054264
0.7472868217054264
0.7472868217054264
0.7472868217054264
0.7472868217054264
0.7472868217054264
0.7472868217054264
0.7472868217054264
0.7472868217054264
0.7472868217054264
0.7472868217054264
0.02170542635658915
0.02170542635658915
0.02170542635658915
0.02170542635658915
0.02170542635658915
0.02170542635658915
0.02170542635658915
0.02170542635658915
0.02170542635658915
0.02170542635658915
0.02170542635658915
0.02170542635658915
0.02170542635658915
0.02170542635658915
0.02170542635658915
0.1953488372093023
0.1953488372093023
0.1953488372093023
0.1953488372093023
0.1953488372093023
0.1953488372093023
0.1953488372093023
0.1953488372093023
0.1953488372093023
0.1953488372093023
0.1953488372093023
0.1953488372093023
0.1953488372093023
0.1953488372093023
0.1953488372093023
0.724031007751938
0.724031007751938
0.724031007751938
0.724031007751938
0.724031007751938
0.724031007751938
0.724031007751938
0.724031007751938
0.724031007751938
0.724031007751938
0.724031007751938
0.724031007751938
0.724031007751938
0.724031007751938
0.724031007751938
0.896124031007752
0.896124031007752
0.896124031007752
0.896124031007752
0.896124031007752
0.896124031007752
0.896124031007752
0.896124031007752
0.896124031007752
0.896124031007752
0.896124031007752
0.896124031007752
0.896124031007752
0.896124031007752
0.896124031007752
0.6976744186046512
0.6976744186046512
0.6976744186046512
0.6976744186046512
0.6976744186046512
0.6976744186046512
0.6976744186046512
0.6976744186046512
0.6976744186046512
0.6976744186046512
0.6976744186046512
0.6976744186046512
0.6976744186046512
0.6976744186046512
0.6976744186046512
0.037209302325581395
0.037209302325581395
0.037209302325581395
0.037209302325581395
0.037209302325581395
0.037209302325581395
0.037209302325581395
0.037209302325581395
0.037209302325581395
0.037209302325581395
0.037209302325581395
0.037209302325581395
0.037209302325581395
0.037209302325581395
0.037209302325581395
0.7085271317829458
0.7085271317829458
0.7085271317829458
0.7085271317829458
0.7085271317829458
0.7085271317829458
0.7085271317829458
0.7085271317829458
0.7085271317829458
0.7085271317829458
0.7085271317829458
0.7085271317829458
0.7085271317829458
0.7085271317829458
0.7085271317829458
0.7581395348837209
0.7581395348837209
0.7581395348837209
0.7581395348837209
0.7581395348837209
0.7581395348837209
0.7581395348837209
0.7581395348837209
0.7581395348837209
0.7581395348837209
0.7581395348837209
0.7581395348837209
0.7581395348837209
0.7581395348837209
0.7581395348837209
0.5612403100775194
0.5612403100775194
0.5612403100775194
0.5612403100775194
0.5612403100775194
0.5612403100775194
0.5612403100775194
0.5612403100775194
0.5612403100775194
0.5612403100775194
0.5612403100775194
0.5612403100775194
0.5612403100775194
0.5612403100775194
0.5612403100775194
0.4077519379844961
0.4077519379844961
0.4077519379844961
0.4077519379844961
0.4077519379844961
0.4077519379844961
0.4077519379844961
0.4077519379844961
0.4077519379844961
0.4077519379844961
0.4077519379844961
0.4077519379844961
0.4077519379844961
0.4077519379844961
0.4077519379844961
0.05736434108527133
0.05736434108527133
0.05736434108527133
0.05736434108527133
0.05736434108527133
0.05736434108527133
0.05736434108527133
0.05736434108527133
0.05736434108527133
0.05736434108527133
0.05736434108527133
0.05736434108527133
0.05736434108527133
0.05736434108527133
0.05736434108527133
0.5953488372093023
0.5953488372093023
0.5953488372093023
0.5953488372093023
0.5953488372093023
0.5953488372093023
0.5953488372093023
0.5953488372093023
0.5953488372093023
0.5953488372093023
0.5953488372093023
0.5953488372093023
0.5953488372093023
0.5953488372093023
0.5953488372093023
0.21085271317829454
0.21085271317829454
0.21085271317829454
0.21085271317829454
0.21085271317829454
0.21085271317829454
0.21085271317829454
0.21085271317829454
0.21085271317829454
0.21085271317829454
0.21085271317829454
0.21085271317829454
0.21085271317829454
0.21085271317829454
0.21085271317829454
0.03410852713178294
0.03410852713178294
0.03410852713178294
0.03410852713178294
0.03410852713178294
0.03410852713178294
0.03410852713178294
0.03410852713178294
0.03410852713178294
0.03410852713178294
0.03410852713178294
0.03410852713178294
0.03410852713178294
0.03410852713178294
0.03410852713178294
0.5813953488372093
0.5813953488372093
0.5813953488372093
0.5813953488372093
0.5813953488372093
0.5813953488372093
0.5813953488372093
0.5813953488372093
0.5813953488372093
0.5813953488372093
0.5813953488372093
0.5813953488372093
0.5813953488372093
0.5813953488372093
0.5813953488372093
0.46201550387596896
0.46201550387596896
0.46201550387596896
0.46201550387596896
0.46201550387596896
0.46201550387596896
0.46201550387596896
0.46201550387596896
0.46201550387596896
0.46201550387596896
0.46201550387596896
0.46201550387596896
0.46201550387596896
0.46201550387596896
0.46201550387596896
0.03565891472868217
0.03565891472868217
0.03565891472868217
0.03565891472868217
0.03565891472868217
0.03565891472868217
0.03565891472868217
0.03565891472868217
0.03565891472868217
0.03565891472868217
0.03565891472868217
0.03565891472868217
0.03565891472868217
0.03565891472868217
0.03565891472868217
0.015503875968992244
0.015503875968992244
0.015503875968992244
0.015503875968992244
0.015503875968992244
0.015503875968992244
0.015503875968992244
0.015503875968992244
0.015503875968992244
0.015503875968992244
0.015503875968992244
0.015503875968992244
0.015503875968992244
0.015503875968992244
0.015503875968992244
0.724031007751938
0.724031007751938
0.724031007751938
0.724031007751938
0.724031007751938
0.724031007751938
0.724031007751938
0.724031007751938
0.724031007751938
0.724031007751938
0.724031007751938
0.724031007751938
0.724031007751938
0.724031007751938
0.724031007751938
0.03565891472868217
0.03565891472868217
0.03565891472868217
0.03565891472868217
0.03565891472868217
0.03565891472868217
0.03565891472868217
0.03565891472868217
0.03565891472868217
0.03565891472868217
0.03565891472868217
0.03565891472868217
0.03565891472868217
0.03565891472868217
0.03565891472868217
0.4744186046511628
0.4744186046511628
0.4744186046511628
0.4744186046511628
0.4744186046511628
0.4744186046511628
0.4744186046511628
0.4744186046511628
0.4744186046511628
0.4744186046511628
0.4744186046511628
0.4744186046511628
0.4744186046511628
0.4744186046511628
0.4744186046511628
0.2945736434108527
0.2945736434108527
0.2945736434108527
0.2945736434108527
0.2945736434108527
0.2945736434108527
0.2945736434108527
0.2945736434108527
0.2945736434108527
0.2945736434108527
0.2945736434108527
0.2945736434108527
0.2945736434108527
0.2945736434108527
0.2945736434108527
0.02170542635658915
0.02170542635658915
0.02170542635658915
0.02170542635658915
0.02170542635658915
0.02170542635658915
0.02170542635658915
0.02170542635658915
0.02170542635658915
0.02170542635658915
0.02170542635658915
0.02170542635658915
0.02170542635658915
0.02170542635658915
0.02170542635658915
0.7333333333333334
0.7333333333333334
0.7333333333333334
0.7333333333333334
0.7333333333333334
0.7333333333333334
0.7333333333333334
0.7333333333333334
0.7333333333333334
0.7333333333333334
0.7333333333333334
0.7333333333333334
0.7333333333333334
0.7333333333333334
0.7333333333333334
0.9596899224806202
0.9596899224806202
0.9596899224806202
0.9596899224806202
0.9596899224806202
0.9596899224806202
0.9596899224806202
0.9596899224806202
0.9596899224806202
0.9596899224806202
0.9596899224806202
0.9596899224806202
0.9596899224806202
0.9596899224806202
0.9596899224806202
0.386046511627907
0.386046511627907
0.386046511627907
0.386046511627907
0.386046511627907
0.386046511627907
0.386046511627907
0.386046511627907
0.386046511627907
0.386046511627907
0.386046511627907
0.386046511627907
0.386046511627907
0.386046511627907
0.386046511627907
0.5147286821705427
0.5147286821705427
0.5147286821705427
0.5147286821705427
0.5147286821705427
0.5147286821705427
0.5147286821705427
0.5147286821705427
0.5147286821705427
0.5147286821705427
0.5147286821705427
0.5147286821705427
0.5147286821705427
0.5147286821705427
0.5147286821705427
0.7116279069767442
0.7116279069767442
0.7116279069767442
0.7116279069767442
0.7116279069767442
0.7116279069767442
0.7116279069767442
0.7116279069767442
0.7116279069767442
0.7116279069767442
0.7116279069767442
0.7116279069767442
0.7116279069767442
0.7116279069767442
0.7116279069767442
0.020155038759689922
0.020155038759689922
0.020155038759689922
0.020155038759689922
0.020155038759689922
0.020155038759689922
0.020155038759689922
0.020155038759689922
0.020155038759689922
0.020155038759689922
0.020155038759689922
0.020155038759689922
0.020155038759689922
0.020155038759689922
0.020155038759689922
0.39224806201550383
0.39224806201550383
0.39224806201550383
0.39224806201550383
0.39224806201550383
0.39224806201550383
0.39224806201550383
0.39224806201550383
0.39224806201550383
0.39224806201550383
0.39224806201550383
0.39224806201550383
0.39224806201550383
0.39224806201550383
0.39224806201550383
0.6868217054263566
0.6868217054263566
0.6868217054263566
0.6868217054263566
0.6868217054263566
0.6868217054263566
0.6868217054263566
0.6868217054263566
0.6868217054263566
0.6868217054263566
0.6868217054263566
0.6868217054263566
0.6868217054263566
0.6868217054263566
0.6868217054263566
0.1503875968992248
0.1503875968992248
0.1503875968992248
0.1503875968992248
0.1503875968992248
0.1503875968992248
0.1503875968992248
0.1503875968992248
0.1503875968992248
0.1503875968992248
0.1503875968992248
0.1503875968992248
0.1503875968992248
0.1503875968992248
0.1503875968992248
0.6465116279069767
0.6465116279069767
0.6465116279069767
0.6465116279069767
0.6465116279069767
0.6465116279069767
0.6465116279069767
0.6465116279069767
0.6465116279069767
0.6465116279069767
0.6465116279069767
0.6465116279069767
0.6465116279069767
0.6465116279069767
0.6465116279069767
0.8310077519379845
0.8310077519379845
0.8310077519379845
0.8310077519379845
0.8310077519379845
0.8310077519379845
0.8310077519379845
0.8310077519379845
0.8310077519379845
0.8310077519379845
0.8310077519379845
0.8310077519379845
0.8310077519379845
0.8310077519379845
0.8310077519379845
0.26666666666666666
0.26666666666666666
0.26666666666666666
0.26666666666666666
0.26666666666666666
0.26666666666666666
0.26666666666666666
0.26666666666666666
0.26666666666666666
0.26666666666666666
0.26666666666666666
0.26666666666666666
0.26666666666666666
0.26666666666666666
0.26666666666666666
0.3736434108527132
0.3736434108527132
0.3736434108527132
0.3736434108527132
0.3736434108527132
0.3736434108527132
0.3736434108527132
0.3736434108527132
0.3736434108527132
0.3736434108527132
0.3736434108527132
0.3736434108527132
0.3736434108527132
0.3736434108527132
0.3736434108527132
0.46821705426356586
0.46821705426356586
0.46821705426356586
0.46821705426356586
0.46821705426356586
0.46821705426356586
0.46821705426356586
0.46821705426356586
0.46821705426356586
0.46821705426356586
0.46821705426356586
0.46821705426356586
0.46821705426356586
0.46821705426356586
0.46821705426356586
0.22790697674418606
0.22790697674418606
0.22790697674418606
0.22790697674418606
0.22790697674418606
0.22790697674418606
0.22790697674418606
0.22790697674418606
0.22790697674418606
0.22790697674418606
0.22790697674418606
0.22790697674418606
0.22790697674418606
0.22790697674418606
0.22790697674418606
0.0434108527131783
0.0434108527131783
0.0434108527131783
0.0434108527131783
0.0434108527131783
0.0434108527131783
0.0434108527131783
0.0434108527131783
0.0434108527131783
0.0434108527131783
0.0434108527131783
0.0434108527131783
0.0434108527131783
0.0434108527131783
0.0434108527131783
0.0697674418604651
0.0697674418604651
0.0697674418604651
0.0697674418604651
0.0697674418604651
0.0697674418604651
0.0697674418604651
0.0697674418604651
0.0697674418604651
0.0697674418604651
0.0697674418604651
0.0697674418604651
0.0697674418604651
0.0697674418604651
0.0697674418604651
0.23255813953488372
0.23255813953488372
0.23255813953488372
0.23255813953488372
0.23255813953488372
0.23255813953488372
0.23255813953488372
0.23255813953488372
0.23255813953488372
0.23255813953488372
0.23255813953488372
0.23255813953488372
0.23255813953488372
0.23255813953488372
0.23255813953488372
0.1395348837209302
0.1395348837209302
0.1395348837209302
0.1395348837209302
0.1395348837209302
0.1395348837209302
0.1395348837209302
0.1395348837209302
0.1395348837209302
0.1395348837209302
0.1395348837209302
0.1395348837209302
0.1395348837209302
0.1395348837209302
0.1395348837209302
0.8945736434108527
0.8945736434108527
0.8945736434108527
0.8945736434108527
0.8945736434108527
0.8945736434108527
0.8945736434108527
0.8945736434108527
0.8945736434108527
0.8945736434108527
0.8945736434108527
0.8945736434108527
0.8945736434108527
0.8945736434108527
0.8945736434108527
0.25116279069767444
0.25116279069767444
0.25116279069767444
0.25116279069767444
0.25116279069767444
0.25116279069767444
0.25116279069767444
0.25116279069767444
0.25116279069767444
0.25116279069767444
0.25116279069767444
0.25116279069767444
0.25116279069767444
0.25116279069767444
0.25116279069767444
0.7224806201550388
0.7224806201550388
0.7224806201550388
0.7224806201550388
0.7224806201550388
0.7224806201550388
0.7224806201550388
0.7224806201550388
0.7224806201550388
0.7224806201550388
0.7224806201550388
0.7224806201550388
0.7224806201550388
0.7224806201550388
0.7224806201550388
0.010852713178294567
0.010852713178294567
0.010852713178294567
0.010852713178294567
0.010852713178294567
0.010852713178294567
0.010852713178294567
0.010852713178294567
0.010852713178294567
0.010852713178294567
0.010852713178294567
0.010852713178294567
0.010852713178294567
0.010852713178294567
0.010852713178294567
0.25581395348837205
0.25581395348837205
0.25581395348837205
0.25581395348837205
0.25581395348837205
0.25581395348837205
0.25581395348837205
0.25581395348837205
0.25581395348837205
0.25581395348837205
0.25581395348837205
0.25581395348837205
0.25581395348837205
0.25581395348837205
0.25581395348837205
0.39844961240310073
0.39844961240310073
0.39844961240310073
0.39844961240310073
0.39844961240310073
0.39844961240310073
0.39844961240310073
0.39844961240310073
0.39844961240310073
0.39844961240310073
0.39844961240310073
0.39844961240310073
0.39844961240310073
0.39844961240310073
0.39844961240310073
0.09767441860465115
0.09767441860465115
0.09767441860465115
0.09767441860465115
0.09767441860465115
0.09767441860465115
0.09767441860465115
0.09767441860465115
0.09767441860465115
0.09767441860465115
0.09767441860465115
0.09767441860465115
0.09767441860465115
0.09767441860465115
0.09767441860465115
0.37674418604651166
0.37674418604651166
0.37674418604651166
0.37674418604651166
0.37674418604651166
0.37674418604651166
0.37674418604651166
0.37674418604651166
0.37674418604651166
0.37674418604651166
0.37674418604651166
0.37674418604651166
0.37674418604651166
0.37674418604651166
0.37674418604651166
0.7441860465116279
0.7441860465116279
0.7441860465116279
0.7441860465116279
0.7441860465116279
0.7441860465116279
0.7441860465116279
0.7441860465116279
0.7441860465116279
0.7441860465116279
0.7441860465116279
0.7441860465116279
0.7441860465116279
0.7441860465116279
0.7441860465116279
0.5891472868217054
0.5891472868217054
0.5891472868217054
0.5891472868217054
0.5891472868217054
0.5891472868217054
0.5891472868217054
0.5891472868217054
0.5891472868217054
0.5891472868217054
0.5891472868217054
0.5891472868217054
0.5891472868217054
0.5891472868217054
0.5891472868217054
0.41550387596899224
0.41550387596899224
0.41550387596899224
0.41550387596899224
0.41550387596899224
0.41550387596899224
0.41550387596899224
0.41550387596899224
0.41550387596899224
0.41550387596899224
0.41550387596899224
0.41550387596899224
0.41550387596899224
0.41550387596899224
0.41550387596899224
0.02170542635658915
0.02170542635658915
0.02170542635658915
0.02170542635658915
0.02170542635658915
0.02170542635658915
0.02170542635658915
0.02170542635658915
0.02170542635658915
0.02170542635658915
0.02170542635658915
0.02170542635658915
0.02170542635658915
0.02170542635658915
0.02170542635658915
0.7534883720930233
0.7534883720930233
0.7534883720930233
0.7534883720930233
0.7534883720930233
0.7534883720930233
0.7534883720930233
0.7534883720930233
0.7534883720930233
0.7534883720930233
0.7534883720930233
0.7534883720930233
0.7534883720930233
0.7534883720930233
0.7534883720930233
0.04651162790697675
0.04651162790697675
0.04651162790697675
0.04651162790697675
0.04651162790697675
0.04651162790697675
0.04651162790697675
0.04651162790697675
0.04651162790697675
0.04651162790697675
0.04651162790697675
0.04651162790697675
0.04651162790697675
0.04651162790697675
0.04651162790697675
0.37674418604651166
0.37674418604651166
0.37674418604651166
0.37674418604651166
0.37674418604651166
0.37674418604651166
0.37674418604651166
0.37674418604651166
0.37674418604651166
0.37674418604651166
0.37674418604651166
0.37674418604651166
0.37674418604651166
0.37674418604651166
0.37674418604651166
0.5534883720930233
0.5534883720930233
0.5534883720930233
0.5534883720930233
0.5534883720930233
0.5534883720930233
0.5534883720930233
0.5534883720930233
0.5534883720930233
0.5534883720930233
0.5534883720930233
0.5534883720930233
0.5534883720930233
0.5534883720930233
0.5534883720930233
0.6604651162790697
0.6604651162790697
0.6604651162790697
0.6604651162790697
0.6604651162790697
0.6604651162790697
0.6604651162790697
0.6604651162790697
0.6604651162790697
0.6604651162790697
0.6604651162790697
0.6604651162790697
0.6604651162790697
0.6604651162790697
0.6604651162790697
0.8031007751937984
0.8031007751937984
0.8031007751937984
0.8031007751937984
0.8031007751937984
0.8031007751937984
0.8031007751937984
0.8031007751937984
0.8031007751937984
0.8031007751937984
0.8031007751937984
0.8031007751937984
0.8031007751937984
0.8031007751937984
0.8031007751937984
0.6124031007751938
0.6124031007751938
0.6124031007751938
0.6124031007751938
0.6124031007751938
0.6124031007751938
0.6124031007751938
0.6124031007751938
0.6124031007751938
0.6124031007751938
0.6124031007751938
0.6124031007751938
0.6124031007751938
0.6124031007751938
0.6124031007751938
0.5255813953488372
0.5255813953488372
0.5255813953488372
0.5255813953488372
0.5255813953488372
0.5255813953488372
0.5255813953488372
0.5255813953488372
0.5255813953488372
0.5255813953488372
0.5255813953488372
0.5255813953488372
0.5255813953488372
0.5255813953488372
0.5255813953488372
0.6837209302325581
0.6837209302325581
0.6837209302325581
0.6837209302325581
0.6837209302325581
0.6837209302325581
0.6837209302325581
0.6837209302325581
0.6837209302325581
0.6837209302325581
0.6837209302325581
0.6837209302325581
0.6837209302325581
0.6837209302325581
0.6837209302325581
0.0248062015503876
0.0248062015503876
0.0248062015503876
0.0248062015503876
0.0248062015503876
0.0248062015503876
0.0248062015503876
0.0248062015503876
0.0248062015503876
0.0248062015503876
0.0248062015503876
0.0248062015503876
0.0248062015503876
0.0248062015503876
0.0248062015503876
0.7379844961240309
0.7379844961240309
0.7379844961240309
0.7379844961240309
0.7379844961240309
0.7379844961240309
0.7379844961240309
0.7379844961240309
0.7379844961240309
0.7379844961240309
0.7379844961240309
0.7379844961240309
0.7379844961240309
0.7379844961240309
0.7379844961240309
0.2728682170542635
0.2728682170542635
0.2728682170542635
0.2728682170542635
0.2728682170542635
0.2728682170542635
0.2728682170542635
0.2728682170542635
0.2728682170542635
0.2728682170542635
0.2728682170542635
0.2728682170542635
0.2728682170542635
0.2728682170542635
0.2728682170542635
0.0
0.0
0.0
0.0
0.0
0.0
0.0
0.0
0.0
0.0
0.0
0.0
0.0
0.0
0.0
0.8883720930232558
0.8883720930232558
0.8883720930232558
0.8883720930232558
0.8883720930232558
0.8883720930232558
0.8883720930232558
0.8883720930232558
0.8883720930232558
0.8883720930232558
0.8883720930232558
0.8883720930232558
0.8883720930232558
0.8883720930232558
0.8883720930232558
0.38449612403100775
0.38449612403100775
0.38449612403100775
0.38449612403100775
0.38449612403100775
0.38449612403100775
0.38449612403100775
0.38449612403100775
0.38449612403100775
0.38449612403100775
0.38449612403100775
0.38449612403100775
0.38449612403100775
0.38449612403100775
0.38449612403100775
0.20465116279069764
0.20465116279069764
0.20465116279069764
0.20465116279069764
0.20465116279069764
0.20465116279069764
0.20465116279069764
0.20465116279069764
0.20465116279069764
0.20465116279069764
0.20465116279069764
0.20465116279069764
0.20465116279069764
0.20465116279069764
0.20465116279069764
0.6573643410852713
0.6573643410852713
0.6573643410852713
0.6573643410852713
0.6573643410852713
0.6573643410852713
0.6573643410852713
0.6573643410852713
0.6573643410852713
0.6573643410852713
0.6573643410852713
0.6573643410852713
0.6573643410852713
0.6573643410852713
0.6573643410852713
0.4883720930232558
0.4883720930232558
0.4883720930232558
0.4883720930232558
0.4883720930232558
0.4883720930232558
0.4883720930232558
0.4883720930232558
0.4883720930232558
0.4883720930232558
0.4883720930232558
0.4883720930232558
0.4883720930232558
0.4883720930232558
0.4883720930232558
0.6728682170542635
0.6728682170542635
0.6728682170542635
0.6728682170542635
0.6728682170542635
0.6728682170542635
0.6728682170542635
0.6728682170542635
0.6728682170542635
0.6728682170542635
0.6728682170542635
0.6728682170542635
0.6728682170542635
0.6728682170542635
0.6728682170542635
0.11627906976744186
0.11627906976744186
0.11627906976744186
0.11627906976744186
0.11627906976744186
0.11627906976744186
0.11627906976744186
0.11627906976744186
0.11627906976744186
0.11627906976744186
0.11627906976744186
0.11627906976744186
0.11627906976744186
0.11627906976744186
0.11627906976744186
0.5596899224806202
0.5596899224806202
0.5596899224806202
0.5596899224806202
0.5596899224806202
0.5596899224806202
0.5596899224806202
0.5596899224806202
0.5596899224806202
0.5596899224806202
0.5596899224806202
0.5596899224806202
0.5596899224806202
0.5596899224806202
0.5596899224806202
0.5813953488372093
0.5813953488372093
0.5813953488372093
0.5813953488372093
0.5813953488372093
0.5813953488372093
0.5813953488372093
0.5813953488372093
0.5813953488372093
0.5813953488372093
0.5813953488372093
0.5813953488372093
0.5813953488372093
0.5813953488372093
0.5813953488372093
0.037209302325581395
0.037209302325581395
0.037209302325581395
0.037209302325581395
0.037209302325581395
0.037209302325581395
0.037209302325581395
0.037209302325581395
0.037209302325581395
0.037209302325581395
0.037209302325581395
0.037209302325581395
0.037209302325581395
0.037209302325581395
0.037209302325581395
0.5596899224806202
0.5596899224806202
0.5596899224806202
0.5596899224806202
0.5596899224806202
0.5596899224806202
0.5596899224806202
0.5596899224806202
0.5596899224806202
0.5596899224806202
0.5596899224806202
0.5596899224806202
0.5596899224806202
0.5596899224806202
0.5596899224806202
0.044961240310077526
0.044961240310077526
0.044961240310077526
0.044961240310077526
0.044961240310077526
0.044961240310077526
0.044961240310077526
0.044961240310077526
0.044961240310077526
0.044961240310077526
0.044961240310077526
0.044961240310077526
0.044961240310077526
0.044961240310077526
0.044961240310077526
0.5193798449612402
0.5193798449612402
0.5193798449612402
0.5193798449612402
0.5193798449612402
0.5193798449612402
0.5193798449612402
0.5193798449612402
0.5193798449612402
0.5193798449612402
0.5193798449612402
0.5193798449612402
0.5193798449612402
0.5193798449612402
0.5193798449612402
0.31007751937984496
0.31007751937984496
0.31007751937984496
0.31007751937984496
0.31007751937984496
0.31007751937984496
0.31007751937984496
0.31007751937984496
0.31007751937984496
0.31007751937984496
0.31007751937984496
0.31007751937984496
0.31007751937984496
0.31007751937984496
0.31007751937984496
0.7271317829457364
0.7271317829457364
0.7271317829457364
0.7271317829457364
0.7271317829457364
0.7271317829457364
0.7271317829457364
0.7271317829457364
0.7271317829457364
0.7271317829457364
0.7271317829457364
0.7271317829457364
0.7271317829457364
0.7271317829457364
0.7271317829457364
0.7271317829457364
0.7271317829457364
0.7271317829457364
0.7271317829457364
0.7271317829457364
0.7271317829457364
0.7271317829457364
0.7271317829457364
0.7271317829457364
0.7271317829457364
0.7271317829457364
0.7271317829457364
0.7271317829457364
0.7271317829457364
0.7271317829457364
0.25116279069767444
0.25116279069767444
0.25116279069767444
0.25116279069767444
0.25116279069767444
0.25116279069767444
0.25116279069767444
0.25116279069767444
0.25116279069767444
0.25116279069767444
0.25116279069767444
0.25116279069767444
0.25116279069767444
0.25116279069767444
0.25116279069767444
0.855813953488372
0.855813953488372
0.855813953488372
0.855813953488372
0.855813953488372
0.855813953488372
0.855813953488372
0.855813953488372
0.855813953488372
0.855813953488372
0.855813953488372
0.855813953488372
0.855813953488372
0.855813953488372
0.855813953488372
0.0
0.0
0.0
0.0
0.0
0.0
0.0
0.0
0.0
0.0
0.0
0.0
0.0
0.0
0.0
0.04186046511627907
0.04186046511627907
0.04186046511627907
0.04186046511627907
0.04186046511627907
0.04186046511627907
0.04186046511627907
0.04186046511627907
0.04186046511627907
0.04186046511627907
0.04186046511627907
0.04186046511627907
0.04186046511627907
0.04186046511627907
0.04186046511627907
0.6232558139534883
0.6232558139534883
0.6232558139534883
0.6232558139534883
0.6232558139534883
0.6232558139534883
0.6232558139534883
0.6232558139534883
0.6232558139534883
0.6232558139534883
0.6232558139534883
0.6232558139534883
0.6232558139534883
0.6232558139534883
0.6232558139534883
1.0
1.0
1.0
1.0
1.0
1.0
1.0
1.0
1.0
1.0
1.0
1.0
1.0
1.0
1.0
0.07596899224806201
0.07596899224806201
0.07596899224806201
0.07596899224806201
0.07596899224806201
0.07596899224806201
0.07596899224806201
0.07596899224806201
0.07596899224806201
0.07596899224806201
0.07596899224806201
0.07596899224806201
0.07596899224806201
0.07596899224806201
0.07596899224806201
0.12558139534883722
0.12558139534883722
0.12558139534883722
0.12558139534883722
0.12558139534883722
0.12558139534883722
0.12558139534883722
0.12558139534883722
0.12558139534883722
0.12558139534883722
0.12558139534883722
0.12558139534883722
0.12558139534883722
0.12558139534883722
0.12558139534883722
0.6930232558139534
0.6930232558139534
0.6930232558139534
0.6930232558139534
0.6930232558139534
0.6930232558139534
0.6930232558139534
0.6930232558139534
0.6930232558139534
0.6930232558139534
0.6930232558139534
0.6930232558139534
0.6930232558139534
0.6930232558139534
0.6930232558139534
0.48992248062015503
0.48992248062015503
0.48992248062015503
0.48992248062015503
0.48992248062015503
0.48992248062015503
0.48992248062015503
0.48992248062015503
0.48992248062015503
0.48992248062015503
0.48992248062015503
0.48992248062015503
0.48992248062015503
0.48992248062015503
0.48992248062015503
0.7054263565891472
0.7054263565891472
0.7054263565891472
0.7054263565891472
0.7054263565891472
0.7054263565891472
0.7054263565891472
0.7054263565891472
0.7054263565891472
0.7054263565891472
0.7054263565891472
0.7054263565891472
0.7054263565891472
0.7054263565891472
0.7054263565891472
0.6604651162790697
0.6604651162790697
0.6604651162790697
0.6604651162790697
0.6604651162790697
0.6604651162790697
0.6604651162790697
0.6604651162790697
0.6604651162790697
0.6604651162790697
0.6604651162790697
0.6604651162790697
0.6604651162790697
0.6604651162790697
0.6604651162790697
0.2527131782945736
0.2527131782945736
0.2527131782945736
0.2527131782945736
0.2527131782945736
0.2527131782945736
0.2527131782945736
0.2527131782945736
0.2527131782945736
0.2527131782945736
0.2527131782945736
0.2527131782945736
0.2527131782945736
0.2527131782945736
0.2527131782945736
0.2868217054263566
0.2868217054263566
0.2868217054263566
0.2868217054263566
0.2868217054263566
0.2868217054263566
0.2868217054263566
0.2868217054263566
0.2868217054263566
0.2868217054263566
0.2868217054263566
0.2868217054263566
0.2868217054263566
0.2868217054263566
0.2868217054263566
0.7922480620155039
0.7922480620155039
0.7922480620155039
0.7922480620155039
0.7922480620155039
0.7922480620155039
0.7922480620155039
0.7922480620155039
0.7922480620155039
0.7922480620155039
0.7922480620155039
0.7922480620155039
0.7922480620155039
0.7922480620155039
0.7922480620155039
0.3643410852713178
0.3643410852713178
0.3643410852713178
0.3643410852713178
0.3643410852713178
0.3643410852713178
0.3643410852713178
0.3643410852713178
0.3643410852713178
0.3643410852713178
0.3643410852713178
0.3643410852713178
0.3643410852713178
0.3643410852713178
0.3643410852713178
0.5054263565891473
0.5054263565891473
0.5054263565891473
0.5054263565891473
0.5054263565891473
0.5054263565891473
0.5054263565891473
0.5054263565891473
0.5054263565891473
0.5054263565891473
0.5054263565891473
0.5054263565891473
0.5054263565891473
0.5054263565891473
0.5054263565891473
0.2744186046511628
0.2744186046511628
0.2744186046511628
0.2744186046511628
0.2744186046511628
0.2744186046511628
0.2744186046511628
0.2744186046511628
0.2744186046511628
0.2744186046511628
0.2744186046511628
0.2744186046511628
0.2744186046511628
0.2744186046511628
0.2744186046511628
