0.23828125
0.23828125
0.23828125
0.23828125
0.23828125
0.23828125
0.23828125
0.23828125
0.23828125
0.23828125
0.23828125
0.23828125
0.23828125
0.23828125
0.23828125
0.1796875
0.1796875
0.1796875
0.1796875
0.1796875
0.1796875
0.1796875
0.1796875
0.1796875
0.1796875
0.1796875
0.1796875
0.1796875
0.1796875
0.1796875
0.16015625
0.16015625
0.16015625
0.16015625
0.16015625
0.16015625
0.16015625
0.16015625
0.16015625
0.16015625
0.16015625
0.16015625
0.16015625
0.16015625
0.16015625
0.310546875
0.310546875
0.310546875
0.310546875
0.310546875
0.310546875
0.310546875
0.310546875
0.310546875
0.310546875
0.310546875
0.310546875
0.310546875
0.310546875
0.310546875
0.08984375
0.08984375
0.08984375
0.08984375
0.08984375
0.08984375
0.08984375
0.08984375
0.08984375
0.08984375
0.08984375
0.08984375
0.08984375
0.08984375
0.08984375
0.1796875
0.1796875
0.1796875
0.1796875
0.1796875
0.1796875
0.1796875
0.1796875
0.1796875
0.1796875
0.1796875
0.1796875
0.1796875
0.1796875
0.1796875
0.265625
0.265625
0.265625
0.265625
0.265625
0.265625
0.265625
0.265625
0.265625
0.265625
0.265625
0.265625
0.265625
0.265625
0.265625
0.29296875000000006
0.29296875000000006
0.29296875000000006
0.29296875000000006
0.29296875000000006
0.29296875000000006
0.29296875000000006
0.29296875000000006
0.29296875000000006
0.29296875000000006
0.29296875000000006
0.29296875000000006
0.29296875000000006
0.29296875000000006
0.29296875000000006
0.22265625000000006
0.22265625000000006
0.22265625000000006
0.22265625000000006
0.22265625000000006
0.22265625000000006
0.22265625000000006
0.22265625000000006
0.22265625000000006
0.22265625000000006
0.22265625000000006
0.22265625000000006
0.22265625000000006
0.22265625000000006
0.22265625000000006
0.34765625
0.34765625
0.34765625
0.34765625
0.34765625
0.34765625
0.34765625
0.34765625
0.34765625
0.34765625
0.34765625
0.34765625
0.34765625
0.34765625
0.34765625
0.33984375
0.33984375
0.33984375
0.33984375
0.33984375
0.33984375
0.33984375
0.33984375
0.33984375
0.33984375
0.33984375
0.33984375
0.33984375
0.33984375
0.33984375
0.49609375
0.49609375
0.49609375
0.49609375
0.49609375
0.49609375
0.49609375
0.49609375
0.49609375
0.49609375
0.49609375
0.49609375
0.49609375
0.49609375
0.49609375
0.2421875
0.2421875
0.2421875
0.2421875
0.2421875
0.2421875
0.2421875
0.2421875
0.2421875
0.2421875
0.2421875
0.2421875
0.2421875
0.2421875
0.2421875
0.23828125
0.23828125
0.23828125
0.23828125
0.23828125
0.23828125
0.23828125
0.23828125
0.23828125
0.23828125
0.23828125
0.23828125
0.23828125
0.23828125
0.23828125
0.37109375000000006
0.37109375000000006
0.37109375000000006
0.37109375000000006
0.37109375000000006
0.37109375000000006
0.37109375000000006
0.37109375000000006
0.37109375000000006
0.37109375000000006
0.37109375000000006
0.37109375000000006
0.37109375000000006
0.37109375000000006
0.37109375000000006
0.2734375
0.2734375
0.2734375
0.2734375
0.2734375
0.2734375
0.2734375
0.2734375
0.2734375
0.2734375
0.2734375
0.2734375
0.2734375
0.2734375
0.2734375
0.40625
0.40625
0.40625
0.40625
0.40625
0.40625
0.40625
0.40625
0.40625
0.40625
0.40625
0.40625
0.40625
0.40625
0.40625
0.48437500000000006
0.48437500000000006
0.48437500000000006
0.48437500000000006
0.48437500000000006
0.48437500000000006
0.48437500000000006
0.48437500000000006
0.48437500000000006
0.48437500000000006
0.48437500000000006
0.48437500000000006
0.48437500000000006
0.48437500000000006
0.48437500000000006
0.16015625
0.16015625
0.16015625
0.16015625
0.16015625
0.16015625
0.16015625
0.16015625
0.16015625
0.16015625
0.16015625
0.16015625
0.16015625
0.16015625
0.16015625
0.265625
0.265625
0.265625
0.265625
0.265625
0.265625
0.265625
0.265625
0.265625
0.265625
0.265625
0.265625
0.265625
0.265625
0.265625
0.2734375
0.2734375
0.2734375
0.2734375
0.2734375
0.2734375
0.2734375
0.2734375
0.2734375
0.2734375
0.2734375
0.2734375
0.2734375
0.2734375
0.2734375
0.20312500000000003
0.20312500000000003
0.20312500000000003
0.20312500000000003
0.20312500000000003
0.20312500000000003
0.20312500000000003
0.20312500000000003
0.20312500000000003
0.20312500000000003
0.20312500000000003
0.20312500000000003
0.20312500000000003
0.20312500000000003
0.20312500000000003
0.14843749999999997
0.14843749999999997
0.14843749999999997
0.14843749999999997
0.14843749999999997
0.14843749999999997
0.14843749999999997
0.14843749999999997
0.14843749999999997
0.14843749999999997
0.14843749999999997
0.14843749999999997
0.14843749999999997
0.14843749999999997
0.14843749999999997
0.28515625000000006
0.28515625000000006
0.28515625000000006
0.28515625000000006
0.28515625000000006
0.28515625000000006
0.28515625000000006
0.28515625000000006
0.28515625000000006
0.28515625000000006
0.28515625000000006
0.28515625000000006
0.28515625000000006
0.28515625000000006
0.28515625000000006
0.3984375
0.3984375
0.3984375
0.3984375
0.3984375
0.3984375
0.3984375
0.3984375
0.3984375
0.3984375
0.3984375
0.3984375
0.3984375
0.3984375
0.3984375
0.33984375
0.33984375
0.33984375
0.33984375
0.33984375
0.33984375
0.33984375
0.33984375
0.33984375
0.33984375
0.33984375
0.33984375
0.33984375
0.33984375
0.33984375
0.27734375000000006
0.27734375000000006
0.27734375000000006
0.27734375000000006
0.27734375000000006
0.27734375000000006
0.27734375000000006
0.27734375000000006
0.27734375000000006
0.27734375000000006
0.27734375000000006
0.27734375000000006
0.27734375000000006
0.27734375000000006
0.27734375000000006
0.29296875000000006
0.29296875000000006
0.29296875000000006
0.29296875000000006
0.29296875000000006
0.29296875000000006
0.29296875000000006
0.29296875000000006
0.29296875000000006
0.29296875000000006
0.29296875000000006
0.29296875000000006
0.29296875000000006
0.29296875000000006
0.29296875000000006
0.23828125
0.23828125
0.23828125
0.23828125
0.23828125
0.23828125
0.23828125
0.23828125
0.23828125
0.23828125
0.23828125
0.23828125
0.23828125
0.23828125
0.23828125
0.45312500000000006
0.45312500000000006
0.45312500000000006
0.45312500000000006
0.45312500000000006
0.45312500000000006
0.45312500000000006
0.45312500000000006
0.45312500000000006
0.45312500000000006
0.45312500000000006
0.45312500000000006
0.45312500000000006
0.45312500000000006
0.45312500000000006
0.23828125
0.23828125
0.23828125
0.23828125
0.23828125
0.23828125
0.23828125
0.23828125
0.23828125
0.23828125
0.23828125
0.23828125
0.23828125
0.23828125
0.23828125
0.22656250000000006
0.22656250000000006
0.22656250000000006
0.22656250000000006
0.22656250000000006
0.22656250000000006
0.22656250000000006
0.22656250000000006
0.22656250000000006
0.22656250000000006
0.22656250000000006
0.22656250000000006
0.22656250000000006
0.22656250000000006
0.22656250000000006
0.4375
0.4375
0.4375
0.4375
0.4375
0.4375
0.4375
0.4375
0.4375
0.4375
0.4375
0.4375
0.4375
0.4375
0.4375
0.33203125
0.33203125
0.33203125
0.33203125
0.33203125
0.33203125
0.33203125
0.33203125
0.33203125
0.33203125
0.33203125
0.33203125
0.33203125
0.33203125
0.33203125
0.29296875000000006
0.29296875000000006
0.29296875000000006
0.29296875000000006
0.29296875000000006
0.29296875000000006
0.29296875000000006
0.29296875000000006
0.29296875000000006
0.29296875000000006
0.29296875000000006
0.29296875000000006
0.29296875000000006
0.29296875000000006
0.29296875000000006
0.30468750000000006
0.30468750000000006
0.30468750000000006
0.30468750000000006
0.30468750000000006
0.30468750000000006
0.30468750000000006
0.30468750000000006
0.30468750000000006
0.30468750000000006
0.30468750000000006
0.30468750000000006
0.30468750000000006
0.30468750000000006
0.30468750000000006
0.24609375
0.24609375
0.24609375
0.24609375
0.24609375
0.24609375
0.24609375
0.24609375
0.24609375
0.24609375
0.24609375
0.24609375
0.24609375
0.24609375
0.24609375
0.34765625
0.34765625
0.34765625
0.34765625
0.34765625
0.34765625
0.34765625
0.34765625
0.34765625
0.34765625
0.34765625
0.34765625
0.34765625
0.34765625
0.34765625
0.31640625000000006
0.31640625000000006
0.31640625000000006
0.31640625000000006
0.31640625000000006
0.31640625000000006
0.31640625000000006
0.31640625000000006
0.31640625000000006
0.31640625000000006
0.31640625000000006
0.31640625000000006
0.31640625000000006
0.31640625000000006
0.31640625000000006
0.17578125
0.17578125
0.17578125
0.17578125
0.17578125
0.17578125
0.17578125
0.17578125
0.17578125
0.17578125
0.17578125
0.17578125
0.17578125
0.17578125
0.17578125
0.2734375
0.2734375
0.2734375
0.2734375
0.2734375
0.2734375
0.2734375
0.2734375
0.2734375
0.2734375
0.2734375
0.2734375
0.2734375
0.2734375
0.2734375
0.294921875
0.294921875
0.294921875
0.294921875
0.294921875
0.294921875
0.294921875
0.294921875
0.294921875
0.294921875
0.294921875
0.294921875
0.294921875
0.294921875
0.294921875
0.28125000000000006
0.28125000000000006
0.28125000000000006
0.28125000000000006
0.28125000000000006
0.28125000000000006
0.28125000000000006
0.28125000000000006
0.28125000000000006
0.28125000000000006
0.28125000000000006
0.28125000000000006
0.28125000000000006
0.28125000000000006
0.28125000000000006
0.15625
0.15625
0.15625
0.15625
0.15625
0.15625
0.15625
0.15625
0.15625
0.15625
0.15625
0.15625
0.15625
0.15625
0.15625
0.23437499999999997
0.23437499999999997
0.23437499999999997
0.23437499999999997
0.23437499999999997
0.23437499999999997
0.23437499999999997
0.23437499999999997
0.23437499999999997
0.23437499999999997
0.23437499999999997
0.23437499999999997
0.23437499999999997
0.23437499999999997
0.23437499999999997
0.265625
0.265625
0.265625
0.265625
0.265625
0.265625
0.265625
0.265625
0.265625
0.265625
0.265625
0.265625
0.265625
0.265625
0.265625
0.2578125
0.2578125
0.2578125
0.2578125
0.2578125
0.2578125
0.2578125
0.2578125
0.2578125
0.2578125
0.2578125
0.2578125
0.2578125
0.2578125
0.2578125
0.22265625000000006
0.22265625000000006
0.22265625000000006
0.22265625000000006
0.22265625000000006
0.22265625000000006
0.22265625000000006
0.22265625000000006
0.22265625000000006
0.22265625000000006
0.22265625000000006
0.22265625000000006
0.22265625000000006
0.22265625000000006
0.22265625000000006
0.265625
0.265625
0.265625
0.265625
0.265625
0.265625
0.265625
0.265625
0.265625
0.265625
0.265625
0.265625
0.265625
0.265625
0.265625
0.24609375
0.24609375
0.24609375
0.24609375
0.24609375
0.24609375
0.24609375
0.24609375
0.24609375
0.24609375
0.24609375
0.24609375
0.24609375
0.24609375
0.24609375
0.2578125
0.2578125
0.2578125
0.2578125
0.2578125
0.2578125
0.2578125
0.2578125
0.2578125
0.2578125
0.2578125
0.2578125
0.2578125
0.2578125
0.2578125
0.35546875
0.35546875
0.35546875
0.35546875
0.35546875
0.35546875
0.35546875
0.35546875
0.35546875
0.35546875
0.35546875
0.35546875
0.35546875
0.35546875
0.35546875
0.3359375
0.3359375
0.3359375
0.3359375
0.3359375
0.3359375
0.3359375
0.3359375
0.3359375
0.3359375
0.3359375
0.3359375
0.3359375
0.3359375
0.3359375
0.12500000000000006
0.12500000000000006
0.12500000000000006
0.12500000000000006
0.12500000000000006
0.12500000000000006
0.12500000000000006
0.12500000000000006
0.12500000000000006
0.12500000000000006
0.12500000000000006
0.12500000000000006
0.12500000000000006
0.12500000000000006
0.12500000000000006
0.18359375000000003
0.18359375000000003
0.18359375000000003
0.18359375000000003
0.18359375000000003
0.18359375000000003
0.18359375000000003
0.18359375000000003
0.18359375000000003
0.18359375000000003
0.18359375000000003
0.18359375000000003
0.18359375000000003
0.18359375000000003
0.18359375000000003
0.1796875
0.1796875
0.1796875
0.1796875
0.1796875
0.1796875
0.1796875
0.1796875
0.1796875
0.1796875
0.1796875
0.1796875
0.1796875
0.1796875
0.1796875
0.359375
0.359375
0.359375
0.359375
0.359375
0.359375
0.359375
0.359375
0.359375
0.359375
0.359375
0.359375
0.359375
0.359375
0.359375
0.29296875000000006
0.29296875000000006
0.29296875000000006
0.29296875000000006
0.29296875000000006
0.29296875000000006
0.29296875000000006
0.29296875000000006
0.29296875000000006
0.29296875000000006
0.29296875000000006
0.29296875000000006
0.29296875000000006
0.29296875000000006
0.29296875000000006
0.2578125
0.2578125
0.2578125
0.2578125
0.2578125
0.2578125
0.2578125
0.2578125
0.2578125
0.2578125
0.2578125
0.2578125
0.2578125
0.2578125
0.2578125
0.30468750000000006
0.30468750000000006
0.30468750000000006
0.30468750000000006
0.30468750000000006
0.30468750000000006
0.30468750000000006
0.30468750000000006
0.30468750000000006
0.30468750000000006
0.30468750000000006
0.30468750000000006
0.30468750000000006
0.30468750000000006
0.30468750000000006
0.3515625
0.3515625
0.3515625
0.3515625
0.3515625
0.3515625
0.3515625
0.3515625
0.3515625
0.3515625
0.3515625
0.3515625
0.3515625
0.3515625
0.3515625
0.2578125
0.2578125
0.2578125
0.2578125
0.2578125
0.2578125
0.2578125
0.2578125
0.2578125
0.2578125
0.2578125
0.2578125
0.2578125
0.2578125
0.2578125
0.4296875
0.4296875
0.4296875
0.4296875
0.4296875
0.4296875
0.4296875
0.4296875
0.4296875
0.4296875
0.4296875
0.4296875
0.4296875
0.4296875
0.4296875
0.37109375000000006
0.37109375000000006
0.37109375000000006
0.37109375000000006
0.37109375000000006
0.37109375000000006
0.37109375000000006
0.37109375000000006
0.37109375000000006
0.37109375000000006
0.37109375000000006
0.37109375000000006
0.37109375000000006
0.37109375000000006
0.37109375000000006
0.25
0.25
0.25
0.25
0.25
0.25
0.25
0.25
0.25
0.25
0.25
0.25
0.25
0.25
0.25
0.20312500000000003
0.20312500000000003
0.20312500000000003
0.20312500000000003
0.20312500000000003
0.20312500000000003
0.20312500000000003
0.20312500000000003
0.20312500000000003
0.20312500000000003
0.20312500000000003
0.20312500000000003
0.20312500000000003
0.20312500000000003
0.20312500000000003
0.37500000000000006
0.37500000000000006
0.37500000000000006
0.37500000000000006
0.37500000000000006
0.37500000000000006
0.37500000000000006
0.37500000000000006
0.37500000000000006
0.37500000000000006
0.37500000000000006
0.37500000000000006
0.37500000000000006
0.37500000000000006
0.37500000000000006
0.6718750000000001
0.6718750000000001
0.6718750000000001
0.6718750000000001
0.6718750000000001
0.6718750000000001
0.6718750000000001
0.6718750000000001
0.6718750000000001
0.6718750000000001
0.6718750000000001
0.6718750000000001
0.6718750000000001
0.6718750000000001
0.6718750000000001
0.30468750000000006
0.30468750000000006
0.30468750000000006
0.30468750000000006
0.30468750000000006
0.30468750000000006
0.30468750000000006
0.30468750000000006
0.30468750000000006
0.30468750000000006
0.30468750000000006
0.30468750000000006
0.30468750000000006
0.30468750000000006
0.30468750000000006
0.359375
0.359375
0.359375
0.359375
0.359375
0.359375
0.359375
0.359375
0.359375
0.359375
0.359375
0.359375
0.359375
0.359375
0.359375
0.3515625
0.3515625
0.3515625
0.3515625
0.3515625
0.3515625
0.3515625
0.3515625
0.3515625
0.3515625
0.3515625
0.3515625
0.3515625
0.3515625
0.3515625
0.36718750000000006
0.36718750000000006
0.36718750000000006
0.36718750000000006
0.36718750000000006
0.36718750000000006
0.36718750000000006
0.36718750000000006
0.36718750000000006
0.36718750000000006
0.36718750000000006
0.36718750000000006
0.36718750000000006
0.36718750000000006
0.36718750000000006
0.30078125000000006
0.30078125000000006
0.30078125000000006
0.30078125000000006
0.30078125000000006
0.30078125000000006
0.30078125000000006
0.30078125000000006
0.30078125000000006
0.30078125000000006
0.30078125000000006
0.30078125000000006
0.30078125000000006
0.30078125000000006
0.30078125000000006
0.31640625000000006
0.31640625000000006
0.31640625000000006
0.31640625000000006
0.31640625000000006
0.31640625000000006
0.31640625000000006
0.31640625000000006
0.31640625000000006
0.31640625000000006
0.31640625000000006
0.31640625000000006
0.31640625000000006
0.31640625000000006
0.31640625000000006
0.22265625000000006
0.22265625000000006
0.22265625000000006
0.22265625000000006
0.22265625000000006
0.22265625000000006
0.22265625000000006
0.22265625000000006
0.22265625000000006
0.22265625000000006
0.22265625000000006
0.22265625000000006
0.22265625000000006
0.22265625000000006
0.22265625000000006
0.20703125000000006
0.20703125000000006
0.20703125000000006
0.20703125000000006
0.20703125000000006
0.20703125000000006
0.20703125000000006
0.20703125000000006
0.20703125000000006
0.20703125000000006
0.20703125000000006
0.20703125000000006
0.20703125000000006
0.20703125000000006
0.20703125000000006
0.18359375000000003
0.18359375000000003
0.18359375000000003
0.18359375000000003
0.18359375000000003
0.18359375000000003
0.18359375000000003
0.18359375000000003
0.18359375000000003
0.18359375000000003
0.18359375000000003
0.18359375000000003
0.18359375000000003
0.18359375000000003
0.18359375000000003
0.30078125000000006
0.30078125000000006
0.30078125000000006
0.30078125000000006
0.30078125000000006
0.30078125000000006
0.30078125000000006
0.30078125000000006
0.30078125000000006
0.30078125000000006
0.30078125000000006
0.30078125000000006
0.30078125000000006
0.30078125000000006
0.30078125000000006
0.4140625
0.4140625
0.4140625
0.4140625
0.4140625
0.4140625
0.4140625
0.4140625
0.4140625
0.4140625
0.4140625
0.4140625
0.4140625
0.4140625
0.4140625
0.40625
0.40625
0.40625
0.40625
0.40625
0.40625
0.40625
0.40625
0.40625
0.40625
0.40625
0.40625
0.40625
0.40625
0.40625
0.34765625
0.34765625
0.34765625
0.34765625
0.34765625
0.34765625
0.34765625
0.34765625
0.34765625
0.34765625
0.34765625
0.34765625
0.34765625
0.34765625
0.34765625
0.4179687500000001
0.4179687500000001
0.4179687500000001
0.4179687500000001
0.4179687500000001
0.4179687500000001
0.4179687500000001
0.4179687500000001
0.4179687500000001
0.4179687500000001
0.4179687500000001
0.4179687500000001
0.4179687500000001
0.4179687500000001
0.4179687500000001
0.28906250000000006
0.28906250000000006
0.28906250000000006
0.28906250000000006
0.28906250000000006
0.28906250000000006
0.28906250000000006
0.28906250000000006
0.28906250000000006
0.28906250000000006
0.28906250000000006
0.28906250000000006
0.28906250000000006
0.28906250000000006
0.28906250000000006
0.34765625
0.34765625
0.34765625
0.34765625
0.34765625
0.34765625
0.34765625
0.34765625
0.34765625
0.34765625
0.34765625
0.34765625
0.34765625
0.34765625
0.34765625
0.38281249999999994
0.38281249999999994
0.38281249999999994
0.38281249999999994
0.38281249999999994
0.38281249999999994
0.38281249999999994
0.38281249999999994
0.38281249999999994
0.38281249999999994
0.38281249999999994
0.38281249999999994
0.38281249999999994
0.38281249999999994
0.38281249999999994
0.44531250000000006
0.44531250000000006
0.44531250000000006
0.44531250000000006
0.44531250000000006
0.44531250000000006
0.44531250000000006
0.44531250000000006
0.44531250000000006
0.44531250000000006
0.44531250000000006
0.44531250000000006
0.44531250000000006
0.44531250000000006
0.44531250000000006
0.21484375000000006
0.21484375000000006
0.21484375000000006
0.21484375000000006
0.21484375000000006
0.21484375000000006
0.21484375000000006
0.21484375000000006
0.21484375000000006
0.21484375000000006
0.21484375000000006
0.21484375000000006
0.21484375000000006
0.21484375000000006
0.21484375000000006
0.28906250000000006
0.28906250000000006
0.28906250000000006
0.28906250000000006
0.28906250000000006
0.28906250000000006
0.28906250000000006
0.28906250000000006
0.28906250000000006
0.28906250000000006
0.28906250000000006
0.28906250000000006
0.28906250000000006
0.28906250000000006
0.28906250000000006
0.37109375000000006
0.37109375000000006
0.37109375000000006
0.37109375000000006
0.37109375000000006
0.37109375000000006
0.37109375000000006
0.37109375000000006
0.37109375000000006
0.37109375000000006
0.37109375000000006
0.37109375000000006
0.37109375000000006
0.37109375000000006
0.37109375000000006
0.33984375
0.33984375
0.33984375
0.33984375
0.33984375
0.33984375
0.33984375
0.33984375
0.33984375
0.33984375
0.33984375
0.33984375
0.33984375
0.33984375
0.33984375
0.29687500000000006
0.29687500000000006
0.29687500000000006
0.29687500000000006
0.29687500000000006
0.29687500000000006
0.29687500000000006
0.29687500000000006
0.29687500000000006
0.29687500000000006
0.29687500000000006
0.29687500000000006
0.29687500000000006
0.29687500000000006
0.29687500000000006
0.38671875000000006
0.38671875000000006
0.38671875000000006
0.38671875000000006
0.38671875000000006
0.38671875000000006
0.38671875000000006
0.38671875000000006
0.38671875000000006
0.38671875000000006
0.38671875000000006
0.38671875000000006
0.38671875000000006
0.38671875000000006
0.38671875000000006
0.16796875
0.16796875
0.16796875
0.16796875
0.16796875
0.16796875
0.16796875
0.16796875
0.16796875
0.16796875
0.16796875
0.16796875
0.16796875
0.16796875
0.16796875
0.4335937500000001
0.4335937500000001
0.4335937500000001
0.4335937500000001
0.4335937500000001
0.4335937500000001
0.4335937500000001
0.4335937500000001
0.4335937500000001
0.4335937500000001
0.4335937500000001
0.4335937500000001
0.4335937500000001
0.4335937500000001
0.4335937500000001
0.17578125
0.17578125
0.17578125
0.17578125
0.17578125
0.17578125
0.17578125
0.17578125
0.17578125
0.17578125
0.17578125
0.17578125
0.17578125
0.17578125
0.17578125
0.36718750000000006
0.36718750000000006
0.36718750000000006
0.36718750000000006
0.36718750000000006
0.36718750000000006
0.36718750000000006
0.36718750000000006
0.36718750000000006
0.36718750000000006
0.36718750000000006
0.36718750000000006
0.36718750000000006
0.36718750000000006
0.36718750000000006
0.16015625
0.16015625
0.16015625
0.16015625
0.16015625
0.16015625
0.16015625
0.16015625
0.16015625
0.16015625
0.16015625
0.16015625
0.16015625
0.16015625
0.16015625
0.4648437500000001
0.4648437500000001
0.4648437500000001
0.4648437500000001
0.4648437500000001
0.4648437500000001
0.4648437500000001
0.4648437500000001
0.4648437500000001
0.4648437500000001
0.4648437500000001
0.4648437500000001
0.4648437500000001
0.4648437500000001
0.4648437500000001
0.2734375
0.2734375
0.2734375
0.2734375
0.2734375
0.2734375
0.2734375
0.2734375
0.2734375
0.2734375
0.2734375
0.2734375
0.2734375
0.2734375
0.2734375
0.30468750000000006
0.30468750000000006
0.30468750000000006
0.30468750000000006
0.30468750000000006
0.30468750000000006
0.30468750000000006
0.30468750000000006
0.30468750000000006
0.30468750000000006
0.30468750000000006
0.30468750000000006
0.30468750000000006
0.30468750000000006
0.30468750000000006
0.19531250000000003
0.19531250000000003
0.19531250000000003
0.19531250000000003
0.19531250000000003
0.19531250000000003
0.19531250000000003
0.19531250000000003
0.19531250000000003
0.19531250000000003
0.19531250000000003
0.19531250000000003
0.19531250000000003
0.19531250000000003
0.19531250000000003
0.70703125
0.70703125
0.70703125
0.70703125
0.70703125
0.70703125
0.70703125
0.70703125
0.70703125
0.70703125
0.70703125
0.70703125
0.70703125
0.70703125
0.70703125
0.5703125000000001
0.5703125000000001
0.5703125000000001
0.5703125000000001
0.5703125000000001
0.5703125000000001
0.5703125000000001
0.5703125000000001
0.5703125000000001
0.5703125000000001
0.5703125000000001
0.5703125000000001
0.5703125000000001
0.5703125000000001
0.5703125000000001
0.5234375000000001
0.5234375000000001
0.5234375000000001
0.5234375000000001
0.5234375000000001
0.5234375000000001
0.5234375000000001
0.5234375000000001
0.5234375000000001
0.5234375000000001
0.5234375000000001
0.5234375000000001
0.5234375000000001
0.5234375000000001
0.5234375000000001
0.22265625000000006
0.22265625000000006
0.22265625000000006
0.22265625000000006
0.22265625000000006
0.22265625000000006
0.22265625000000006
0.22265625000000006
0.22265625000000006
0.22265625000000006
0.22265625000000006
0.22265625000000006
0.22265625000000006
0.22265625000000006
0.22265625000000006
0.50390625
0.50390625
0.50390625
0.50390625
0.50390625
0.50390625
0.50390625
0.50390625
0.50390625
0.50390625
0.50390625
0.50390625
0.50390625
0.50390625
0.50390625
0.17578125
0.17578125
0.17578125
0.17578125
0.17578125
0.17578125
0.17578125
0.17578125
0.17578125
0.17578125
0.17578125
0.17578125
0.17578125
0.17578125
0.17578125
0.3359375
0.3359375
0.3359375
0.3359375
0.3359375
0.3359375
0.3359375
0.3359375
0.3359375
0.3359375
0.3359375
0.3359375
0.3359375
0.3359375
0.3359375
0.36718750000000006
0.36718750000000006
0.36718750000000006
0.36718750000000006
0.36718750000000006
0.36718750000000006
0.36718750000000006
0.36718750000000006
0.36718750000000006
0.36718750000000006
0.36718750000000006
0.36718750000000006
0.36718750000000006
0.36718750000000006
0.36718750000000006
0.37109375000000006
0.37109375000000006
0.37109375000000006
0.37109375000000006
0.37109375000000006
0.37109375000000006
0.37109375000000006
0.37109375000000006
0.37109375000000006
0.37109375000000006
0.37109375000000006
0.37109375000000006
0.37109375000000006
0.37109375000000006
0.37109375000000006
0.40234375000000006
0.40234375000000006
0.40234375000000006
0.40234375000000006
0.40234375000000006
0.40234375000000006
0.40234375000000006
0.40234375000000006
0.40234375000000006
0.40234375000000006
0.40234375000000006
0.40234375000000006
0.40234375000000006
0.40234375000000006
0.40234375000000006
0.28515625000000006
0.28515625000000006
0.28515625000000006
0.28515625000000006
0.28515625000000006
0.28515625000000006
0.28515625000000006
0.28515625000000006
0.28515625000000006
0.28515625000000006
0.28515625000000006
0.28515625000000006
0.28515625000000006
0.28515625000000006
0.28515625000000006
0.38671875000000006
0.38671875000000006
0.38671875000000006
0.38671875000000006
0.38671875000000006
0.38671875000000006
0.38671875000000006
0.38671875000000006
0.38671875000000006
0.38671875000000006
0.38671875000000006
0.38671875000000006
0.38671875000000006
0.38671875000000006
0.38671875000000006
0.2421875
0.2421875
0.2421875
0.2421875
0.2421875
0.2421875
0.2421875
0.2421875
0.2421875
0.2421875
0.2421875
0.2421875
0.2421875
0.2421875
0.2421875
0.1796875
0.1796875
0.1796875
0.1796875
0.1796875
0.1796875
0.1796875
0.1796875
0.1796875
0.1796875
0.1796875
0.1796875
0.1796875
0.1796875
0.1796875
0.30468750000000006
0.30468750000000006
0.30468750000000006
0.30468750000000006
0.30468750000000006
0.30468750000000006
0.30468750000000006
0.30468750000000006
0.30468750000000006
0.30468750000000006
0.30468750000000006
0.30468750000000006
0.30468750000000006
0.30468750000000006
0.30468750000000006
0.3359375
0.3359375
0.3359375
0.3359375
0.3359375
0.3359375
0.3359375
0.3359375
0.3359375
0.3359375
0.3359375
0.3359375
0.3359375
0.3359375
0.3359375
0.31250000000000006
0.31250000000000006
0.31250000000000006
0.31250000000000006
0.31250000000000006
0.31250000000000006
0.31250000000000006
0.31250000000000006
0.31250000000000006
0.31250000000000006
0.31250000000000006
0.31250000000000006
0.31250000000000006
0.31250000000000006
0.31250000000000006
0.34375
0.34375
0.34375
0.34375
0.34375
0.34375
0.34375
0.34375
0.34375
0.34375
0.34375
0.34375
0.34375
0.34375
0.34375
0.32031250000000006
0.32031250000000006
0.32031250000000006
0.32031250000000006
0.32031250000000006
0.32031250000000006
0.32031250000000006
0.32031250000000006
0.32031250000000006
0.32031250000000006
0.32031250000000006
0.32031250000000006
0.32031250000000006
0.32031250000000006
0.32031250000000006
0.16015625
0.16015625
0.16015625
0.16015625
0.16015625
0.16015625
0.16015625
0.16015625
0.16015625
0.16015625
0.16015625
0.16015625
0.16015625
0.16015625
0.16015625
0.5078125000000001
0.5078125000000001
0.5078125000000001
0.5078125000000001
0.5078125000000001
0.5078125000000001
0.5078125000000001
0.5078125000000001
0.5078125000000001
0.5078125000000001
0.5078125000000001
0.5078125000000001
0.5078125000000001
0.5078125000000001
0.5078125000000001
0.26171875
0.26171875
0.26171875
0.26171875
0.26171875
0.26171875
0.26171875
0.26171875
0.26171875
0.26171875
0.26171875
0.26171875
0.26171875
0.26171875
0.26171875
0.265625
0.265625
0.265625
0.265625
0.265625
0.265625
0.265625
0.265625
0.265625
0.265625
0.265625
0.265625
0.265625
0.265625
0.265625
0.48437500000000006
0.48437500000000006
0.48437500000000006
0.48437500000000006
0.48437500000000006
0.48437500000000006
0.48437500000000006
0.48437500000000006
0.48437500000000006
0.48437500000000006
0.48437500000000006
0.48437500000000006
0.48437500000000006
0.48437500000000006
0.48437500000000006
0.47265625000000017
0.47265625000000017
0.47265625000000017
0.47265625000000017
0.47265625000000017
0.47265625000000017
0.47265625000000017
0.47265625000000017
0.47265625000000017
0.47265625000000017
0.47265625000000017
0.47265625000000017
0.47265625000000017
0.47265625000000017
0.47265625000000017
0.28906250000000006
0.28906250000000006
0.28906250000000006
0.28906250000000006
0.28906250000000006
0.28906250000000006
0.28906250000000006
0.28906250000000006
0.28906250000000006
0.28906250000000006
0.28906250000000006
0.28906250000000006
0.28906250000000006
0.28906250000000006
0.28906250000000006
0.34375
0.34375
0.34375
0.34375
0.34375
0.34375
0.34375
0.34375
0.34375
0.34375
0.34375
0.34375
0.34375
0.34375
0.34375
0.265625
0.265625
0.265625
0.265625
0.265625
0.265625
0.265625
0.265625
0.265625
0.265625
0.265625
0.265625
0.265625
0.265625
0.265625
0.21093750000000006
0.21093750000000006
0.21093750000000006
0.21093750000000006
0.21093750000000006
0.21093750000000006
0.21093750000000006
0.21093750000000006
0.21093750000000006
0.21093750000000006
0.21093750000000006
0.21093750000000006
0.21093750000000006
0.21093750000000006
0.21093750000000006
0.4492187500000001
0.4492187500000001
0.4492187500000001
0.4492187500000001
0.4492187500000001
0.4492187500000001
0.4492187500000001
0.4492187500000001
0.4492187500000001
0.4492187500000001
0.4492187500000001
0.4492187500000001
0.4492187500000001
0.4492187500000001
0.4492187500000001
0.4648437500000001
0.4648437500000001
0.4648437500000001
0.4648437500000001
0.4648437500000001
0.4648437500000001
0.4648437500000001
0.4648437500000001
0.4648437500000001
0.4648437500000001
0.4648437500000001
0.4648437500000001
0.4648437500000001
0.4648437500000001
0.4648437500000001
0.19921875000000003
0.19921875000000003
0.19921875000000003
0.19921875000000003
0.19921875000000003
0.19921875000000003
0.19921875000000003
0.19921875000000003
0.19921875000000003
0.19921875000000003
0.19921875000000003
0.19921875000000003
0.19921875000000003
0.19921875000000003
0.19921875000000003
0.37109375000000006
0.37109375000000006
0.37109375000000006
0.37109375000000006
0.37109375000000006
0.37109375000000006
0.37109375000000006
0.37109375000000006
0.37109375000000006
0.37109375000000006
0.37109375000000006
0.37109375000000006
0.37109375000000006
0.37109375000000006
0.37109375000000006
0.47265625000000017
0.47265625000000017
0.47265625000000017
0.47265625000000017
0.47265625000000017
0.47265625000000017
0.47265625000000017
0.47265625000000017
0.47265625000000017
0.47265625000000017
0.47265625000000017
0.47265625000000017
0.47265625000000017
0.47265625000000017
0.47265625000000017
0.36718750000000006
0.36718750000000006
0.36718750000000006
0.36718750000000006
0.36718750000000006
0.36718750000000006
0.36718750000000006
0.36718750000000006
0.36718750000000006
0.36718750000000006
0.36718750000000006
0.36718750000000006
0.36718750000000006
0.36718750000000006
0.36718750000000006
0.23828125
0.23828125
0.23828125
0.23828125
0.23828125
0.23828125
0.23828125
0.23828125
0.23828125
0.23828125
0.23828125
0.23828125
0.23828125
0.23828125
0.23828125
0.32812500000000006
0.32812500000000006
0.32812500000000006
0.32812500000000006
0.32812500000000006
0.32812500000000006
0.32812500000000006
0.32812500000000006
0.32812500000000006
0.32812500000000006
0.32812500000000006
0.32812500000000006
0.32812500000000006
0.32812500000000006
0.32812500000000006
0.2578125
0.2578125
0.2578125
0.2578125
0.2578125
0.2578125
0.2578125
0.2578125
0.2578125
0.2578125
0.2578125
0.2578125
0.2578125
0.2578125
0.2578125
0.29296875000000006
0.29296875000000006
0.29296875000000006
0.29296875000000006
0.29296875000000006
0.29296875000000006
0.29296875000000006
0.29296875000000006
0.29296875000000006
0.29296875000000006
0.29296875000000006
0.29296875000000006
0.29296875000000006
0.29296875000000006
0.29296875000000006
0.13671874999999997
0.13671874999999997
0.13671874999999997
0.13671874999999997
0.13671874999999997
0.13671874999999997
0.13671874999999997
0.13671874999999997
0.13671874999999997
0.13671874999999997
0.13671874999999997
0.13671874999999997
0.13671874999999997
0.13671874999999997
0.13671874999999997
0.28515625000000006
0.28515625000000006
0.28515625000000006
0.28515625000000006
0.28515625000000006
0.28515625000000006
0.28515625000000006
0.28515625000000006
0.28515625000000006
0.28515625000000006
0.28515625000000006
0.28515625000000006
0.28515625000000006
0.28515625000000006
0.28515625000000006
0.28515625000000006
0.28515625000000006
0.28515625000000006
0.28515625000000006
0.28515625000000006
0.28515625000000006
0.28515625000000006
0.28515625000000006
0.28515625000000006
0.28515625000000006
0.28515625000000006
0.28515625000000006
0.28515625000000006
0.28515625000000006
0.28515625000000006
0.39453125000000006
0.39453125000000006
0.39453125000000006
0.39453125000000006
0.39453125000000006
0.39453125000000006
0.39453125000000006
0.39453125000000006
0.39453125000000006
0.39453125000000006
0.39453125000000006
0.39453125000000006
0.39453125000000006
0.39453125000000006
0.39453125000000006
0.30468750000000006
0.30468750000000006
0.30468750000000006
0.30468750000000006
0.30468750000000006
0.30468750000000006
0.30468750000000006
0.30468750000000006
0.30468750000000006
0.30468750000000006
0.30468750000000006
0.30468750000000006
0.30468750000000006
0.30468750000000006
0.30468750000000006
0.390625
0.390625
0.390625
0.390625
0.390625
0.390625
0.390625
0.390625
0.390625
0.390625
0.390625
0.390625
0.390625
0.390625
0.390625
0.29296875000000006
0.29296875000000006
0.29296875000000006
0.29296875000000006
0.29296875000000006
0.29296875000000006
0.29296875000000006
0.29296875000000006
0.29296875000000006
0.29296875000000006
0.29296875000000006
0.29296875000000006
0.29296875000000006
0.29296875000000006
0.29296875000000006
0.48437500000000006
0.48437500000000006
0.48437500000000006
0.48437500000000006
0.48437500000000006
0.48437500000000006
0.48437500000000006
0.48437500000000006
0.48437500000000006
0.48437500000000006
0.48437500000000006
0.48437500000000006
0.48437500000000006
0.48437500000000006
0.48437500000000006
0.4296875
0.4296875
0.4296875
0.4296875
0.4296875
0.4296875
0.4296875
0.4296875
0.4296875
0.4296875
0.4296875
0.4296875
0.4296875
0.4296875
0.4296875
0.48046875
0.48046875
0.48046875
0.48046875
0.48046875
0.48046875
0.48046875
0.48046875
0.48046875
0.48046875
0.48046875
0.48046875
0.48046875
0.48046875
0.48046875
0.2421875
0.2421875
0.2421875
0.2421875
0.2421875
0.2421875
0.2421875
0.2421875
0.2421875
0.2421875
0.2421875
0.2421875
0.2421875
0.2421875
0.2421875
0.21093750000000006
0.21093750000000006
0.21093750000000006
0.21093750000000006
0.21093750000000006
0.21093750000000006
0.21093750000000006
0.21093750000000006
0.21093750000000006
0.21093750000000006
0.21093750000000006
0.21093750000000006
0.21093750000000006
0.21093750000000006
0.21093750000000006
0.39453125000000006
0.39453125000000006
0.39453125000000006
0.39453125000000006
0.39453125000000006
0.39453125000000006
0.39453125000000006
0.39453125000000006
0.39453125000000006
0.39453125000000006
0.39453125000000006
0.39453125000000006
0.39453125000000006
0.39453125000000006
0.39453125000000006
0.48828125
0.48828125
0.48828125
0.48828125
0.48828125
0.48828125
0.48828125
0.48828125
0.48828125
0.48828125
0.48828125
0.48828125
0.48828125
0.48828125
0.48828125
0.30468750000000006
0.30468750000000006
0.30468750000000006
0.30468750000000006
0.30468750000000006
0.30468750000000006
0.30468750000000006
0.30468750000000006
0.30468750000000006
0.30468750000000006
0.30468750000000006
0.30468750000000006
0.30468750000000006
0.30468750000000006
0.30468750000000006
0.31640625000000006
0.31640625000000006
0.31640625000000006
0.31640625000000006
0.31640625000000006
0.31640625000000006
0.31640625000000006
0.31640625000000006
0.31640625000000006
0.31640625000000006
0.31640625000000006
0.31640625000000006
0.31640625000000006
0.31640625000000006
0.31640625000000006
0.1796875
0.1796875
0.1796875
0.1796875
0.1796875
0.1796875
0.1796875
0.1796875
0.1796875
0.1796875
0.1796875
0.1796875
0.1796875
0.1796875
0.1796875
0.265625
0.265625
0.265625
0.265625
0.265625
0.265625
0.265625
0.265625
0.265625
0.265625
0.265625
0.265625
0.265625
0.265625
0.265625
0.20703125000000006
0.20703125000000006
0.20703125000000006
0.20703125000000006
0.20703125000000006
0.20703125000000006
0.20703125000000006
0.20703125000000006
0.20703125000000006
0.20703125000000006
0.20703125000000006
0.20703125000000006
0.20703125000000006
0.20703125000000006
0.20703125000000006
0.36718750000000006
0.36718750000000006
0.36718750000000006
0.36718750000000006
0.36718750000000006
0.36718750000000006
0.36718750000000006
0.36718750000000006
0.36718750000000006
0.36718750000000006
0.36718750000000006
0.36718750000000006
0.36718750000000006
0.36718750000000006
0.36718750000000006
0.28906250000000006
0.28906250000000006
0.28906250000000006
0.28906250000000006
0.28906250000000006
0.28906250000000006
0.28906250000000006
0.28906250000000006
0.28906250000000006
0.28906250000000006
0.28906250000000006
0.28906250000000006
0.28906250000000006
0.28906250000000006
0.28906250000000006
0.3984375
0.3984375
0.3984375
0.3984375
0.3984375
0.3984375
0.3984375
0.3984375
0.3984375
0.3984375
0.3984375
0.3984375
0.3984375
0.3984375
0.3984375
0.31250000000000006
0.31250000000000006
0.31250000000000006
0.31250000000000006
0.31250000000000006
0.31250000000000006
0.31250000000000006
0.31250000000000006
0.31250000000000006
0.31250000000000006
0.31250000000000006
0.31250000000000006
0.31250000000000006
0.31250000000000006
0.31250000000000006
0.25
0.25
0.25
0.25
0.25
0.25
0.25
0.25
0.25
0.25
0.25
0.25
0.25
0.25
0.25
0.23828125
0.23828125
0.23828125
0.23828125
0.23828125
0.23828125
0.23828125
0.23828125
0.23828125
0.23828125
0.23828125
0.23828125
0.23828125
0.23828125
0.23828125
0.3984375
0.3984375
0.3984375
0.3984375
0.3984375
0.3984375
0.3984375
0.3984375
0.3984375
0.3984375
0.3984375
0.3984375
0.3984375
0.3984375
0.3984375
0.2421875
0.2421875
0.2421875
0.2421875
0.2421875
0.2421875
0.2421875
0.2421875
0.2421875
0.2421875
0.2421875
0.2421875
0.2421875
0.2421875
0.2421875
0.51953125
0.51953125
0.51953125
0.51953125
0.51953125
0.51953125
0.51953125
0.51953125
0.51953125
0.51953125
0.51953125
0.51953125
0.51953125
0.51953125
0.51953125
0.26953125
0.26953125
0.26953125
0.26953125
0.26953125
0.26953125
0.26953125
0.26953125
0.26953125
0.26953125
0.26953125
0.26953125
0.26953125
0.26953125
0.26953125
0.4492187500000001
0.4492187500000001
0.4492187500000001
0.4492187500000001
0.4492187500000001
0.4492187500000001
0.4492187500000001
0.4492187500000001
0.4492187500000001
0.4492187500000001
0.4492187500000001
0.4492187500000001
0.4492187500000001
0.4492187500000001
0.4492187500000001
0.34375
0.34375
0.34375
0.34375
0.34375
0.34375
0.34375
0.34375
0.34375
0.34375
0.34375
0.34375
0.34375
0.34375
0.34375
0.35546875
0.35546875
0.35546875
0.35546875
0.35546875
0.35546875
0.35546875
0.35546875
0.35546875
0.35546875
0.35546875
0.35546875
0.35546875
0.35546875
0.35546875
0.29296875000000006
0.29296875000000006
0.29296875000000006
0.29296875000000006
0.29296875000000006
0.29296875000000006
0.29296875000000006
0.29296875000000006
0.29296875000000006
0.29296875000000006
0.29296875000000006
0.29296875000000006
0.29296875000000006
0.29296875000000006
0.29296875000000006
0.47656250000000006
0.47656250000000006
0.47656250000000006
0.47656250000000006
0.47656250000000006
0.47656250000000006
0.47656250000000006
0.47656250000000006
0.47656250000000006
0.47656250000000006
0.47656250000000006
0.47656250000000006
0.47656250000000006
0.47656250000000006
0.47656250000000006
0.25390625
0.25390625
0.25390625
0.25390625
0.25390625
0.25390625
0.25390625
0.25390625
0.25390625
0.25390625
0.25390625
0.25390625
0.25390625
0.25390625
0.25390625
0.22265625000000006
0.22265625000000006
0.22265625000000006
0.22265625000000006
0.22265625000000006
0.22265625000000006
0.22265625000000006
0.22265625000000006
0.22265625000000006
0.22265625000000006
0.22265625000000006
0.22265625000000006
0.22265625000000006
0.22265625000000006
0.22265625000000006
0.29687500000000006
0.29687500000000006
0.29687500000000006
0.29687500000000006
0.29687500000000006
0.29687500000000006
0.29687500000000006
0.29687500000000006
0.29687500000000006
0.29687500000000006
0.29687500000000006
0.29687500000000006
0.29687500000000006
0.29687500000000006
0.29687500000000006
0.4140625
0.4140625
0.4140625
0.4140625
0.4140625
0.4140625
0.4140625
0.4140625
0.4140625
0.4140625
0.4140625
0.4140625
0.4140625
0.4140625
0.4140625
0.25
0.25
0.25
0.25
0.25
0.25
0.25
0.25
0.25
0.25
0.25
0.25
0.25
0.25
0.25
0.4257812500000001
0.4257812500000001
0.4257812500000001
0.4257812500000001
0.4257812500000001
0.4257812500000001
0.4257812500000001
0.4257812500000001
0.4257812500000001
0.4257812500000001
0.4257812500000001
0.4257812500000001
0.4257812500000001
0.4257812500000001
0.4257812500000001
0.20703125000000006
0.20703125000000006
0.20703125000000006
0.20703125000000006
0.20703125000000006
0.20703125000000006
0.20703125000000006
0.20703125000000006
0.20703125000000006
0.20703125000000006
0.20703125000000006
0.20703125000000006
0.20703125000000006
0.20703125000000006
0.20703125000000006
0.28906250000000006
0.28906250000000006
0.28906250000000006
0.28906250000000006
0.28906250000000006
0.28906250000000006
0.28906250000000006
0.28906250000000006
0.28906250000000006
0.28906250000000006
0.28906250000000006
0.28906250000000006
0.28906250000000006
0.28906250000000006
0.28906250000000006
0.28906250000000006
0.28906250000000006
0.28906250000000006
0.28906250000000006
0.28906250000000006
0.28906250000000006
0.28906250000000006
0.28906250000000006
0.28906250000000006
0.28906250000000006
0.28906250000000006
0.28906250000000006
0.28906250000000006
0.28906250000000006
0.28906250000000006
0.30468750000000006
0.30468750000000006
0.30468750000000006
0.30468750000000006
0.30468750000000006
0.30468750000000006
0.30468750000000006
0.30468750000000006
0.30468750000000006
0.30468750000000006
0.30468750000000006
0.30468750000000006
0.30468750000000006
0.30468750000000006
0.30468750000000006
0.28515625000000006
0.28515625000000006
0.28515625000000006
0.28515625000000006
0.28515625000000006
0.28515625000000006
0.28515625000000006
0.28515625000000006
0.28515625000000006
0.28515625000000006
0.28515625000000006
0.28515625000000006
0.28515625000000006
0.28515625000000006
0.28515625000000006
0.22265625000000006
0.22265625000000006
0.22265625000000006
0.22265625000000006
0.22265625000000006
0.22265625000000006
0.22265625000000006
0.22265625000000006
0.22265625000000006
0.22265625000000006
0.22265625000000006
0.22265625000000006
0.22265625000000006
0.22265625000000006
0.22265625000000006
0.49609375
0.49609375
0.49609375
0.49609375
0.49609375
0.49609375
0.49609375
0.49609375
0.49609375
0.49609375
0.49609375
0.49609375
0.49609375
0.49609375
0.49609375
0.421875
0.421875
0.421875
0.421875
0.421875
0.421875
0.421875
0.421875
0.421875
0.421875
0.421875
0.421875
0.421875
0.421875
0.421875
0.37109375000000006
0.37109375000000006
0.37109375000000006
0.37109375000000006
0.37109375000000006
0.37109375000000006
0.37109375000000006
0.37109375000000006
0.37109375000000006
0.37109375000000006
0.37109375000000006
0.37109375000000006
0.37109375000000006
0.37109375000000006
0.37109375000000006
0.31640625000000006
0.31640625000000006
0.31640625000000006
0.31640625000000006
0.31640625000000006
0.31640625000000006
0.31640625000000006
0.31640625000000006
0.31640625000000006
0.31640625000000006
0.31640625000000006
0.31640625000000006
0.31640625000000006
0.31640625000000006
0.31640625000000006
0.23437499999999997
0.23437499999999997
0.23437499999999997
0.23437499999999997
0.23437499999999997
0.23437499999999997
0.23437499999999997
0.23437499999999997
0.23437499999999997
0.23437499999999997
0.23437499999999997
0.23437499999999997
0.23437499999999997
0.23437499999999997
0.23437499999999997
0.5234375000000001
0.5234375000000001
0.5234375000000001
0.5234375000000001
0.5234375000000001
0.5234375000000001
0.5234375000000001
0.5234375000000001
0.5234375000000001
0.5234375000000001
0.5234375000000001
0.5234375000000001
0.5234375000000001
0.5234375000000001
0.5234375000000001
0.390625
0.390625
0.390625
0.390625
0.390625
0.390625
0.390625
0.390625
0.390625
0.390625
0.390625
0.390625
0.390625
0.390625
0.390625
0.30468750000000006
0.30468750000000006
0.30468750000000006
0.30468750000000006
0.30468750000000006
0.30468750000000006
0.30468750000000006
0.30468750000000006
0.30468750000000006
0.30468750000000006
0.30468750000000006
0.30468750000000006
0.30468750000000006
0.30468750000000006
0.30468750000000006
0.35546875
0.35546875
0.35546875
0.35546875
0.35546875
0.35546875
0.35546875
0.35546875
0.35546875
0.35546875
0.35546875
0.35546875
0.35546875
0.35546875
0.35546875
0.19531250000000003
0.19531250000000003
0.19531250000000003
0.19531250000000003
0.19531250000000003
0.19531250000000003
0.19531250000000003
0.19531250000000003
0.19531250000000003
0.19531250000000003
0.19531250000000003
0.19531250000000003
0.19531250000000003
0.19531250000000003
0.19531250000000003
0.23828125
0.23828125
0.23828125
0.23828125
0.23828125
0.23828125
0.23828125
0.23828125
0.23828125
0.23828125
0.23828125
0.23828125
0.23828125
0.23828125
0.23828125
0.6210937500000001
0.6210937500000001
0.6210937500000001
0.6210937500000001
0.6210937500000001
0.6210937500000001
0.6210937500000001
0.6210937500000001
0.6210937500000001
0.6210937500000001
0.6210937500000001
0.6210937500000001
0.6210937500000001
0.6210937500000001
0.6210937500000001
0.14843749999999997
0.14843749999999997
0.14843749999999997
0.14843749999999997
0.14843749999999997
0.14843749999999997
0.14843749999999997
0.14843749999999997
0.14843749999999997
0.14843749999999997
0.14843749999999997
0.14843749999999997
0.14843749999999997
0.14843749999999997
0.14843749999999997
0.36718750000000006
0.36718750000000006
0.36718750000000006
0.36718750000000006
0.36718750000000006
0.36718750000000006
0.36718750000000006
0.36718750000000006
0.36718750000000006
0.36718750000000006
0.36718750000000006
0.36718750000000006
0.36718750000000006
0.36718750000000006
0.36718750000000006
0.2578125
0.2578125
0.2578125
0.2578125
0.2578125
0.2578125
0.2578125
0.2578125
0.2578125
0.2578125
0.2578125
0.2578125
0.2578125
0.2578125
0.2578125
0.48828125
0.48828125
0.48828125
0.48828125
0.48828125
0.48828125
0.48828125
0.48828125
0.48828125
0.48828125
0.48828125
0.48828125
0.48828125
0.48828125
0.48828125
0.4335937500000001
0.4335937500000001
0.4335937500000001
0.4335937500000001
0.4335937500000001
0.4335937500000001
0.4335937500000001
0.4335937500000001
0.4335937500000001
0.4335937500000001
0.4335937500000001
0.4335937500000001
0.4335937500000001
0.4335937500000001
0.4335937500000001
0.51953125
0.51953125
0.51953125
0.51953125
0.51953125
0.51953125
0.51953125
0.51953125
0.51953125
0.51953125
0.51953125
0.51953125
0.51953125
0.51953125
0.51953125
0.4257812500000001
0.4257812500000001
0.4257812500000001
0.4257812500000001
0.4257812500000001
0.4257812500000001
0.4257812500000001
0.4257812500000001
0.4257812500000001
0.4257812500000001
0.4257812500000001
0.4257812500000001
0.4257812500000001
0.4257812500000001
0.4257812500000001
0.29296875000000006
0.29296875000000006
0.29296875000000006
0.29296875000000006
0.29296875000000006
0.29296875000000006
0.29296875000000006
0.29296875000000006
0.29296875000000006
0.29296875000000006
0.29296875000000006
0.29296875000000006
0.29296875000000006
0.29296875000000006
0.29296875000000006
0.4179687500000001
0.4179687500000001
0.4179687500000001
0.4179687500000001
0.4179687500000001
0.4179687500000001
0.4179687500000001
0.4179687500000001
0.4179687500000001
0.4179687500000001
0.4179687500000001
0.4179687500000001
0.4179687500000001
0.4179687500000001
0.4179687500000001
0.265625
0.265625
0.265625
0.265625
0.265625
0.265625
0.265625
0.265625
0.265625
0.265625
0.265625
0.265625
0.265625
0.265625
0.265625
0.18359375000000003
0.18359375000000003
0.18359375000000003
0.18359375000000003
0.18359375000000003
0.18359375000000003
0.18359375000000003
0.18359375000000003
0.18359375000000003
0.18359375000000003
0.18359375000000003
0.18359375000000003
0.18359375000000003
0.18359375000000003
0.18359375000000003
0.2421875
0.2421875
0.2421875
0.2421875
0.2421875
0.2421875
0.2421875
0.2421875
0.2421875
0.2421875
0.2421875
0.2421875
0.2421875
0.2421875
0.2421875
0.5078125000000001
0.5078125000000001
0.5078125000000001
0.5078125000000001
0.5078125000000001
0.5078125000000001
0.5078125000000001
0.5078125000000001
0.5078125000000001
0.5078125000000001
0.5078125000000001
0.5078125000000001
0.5078125000000001
0.5078125000000001
0.5078125000000001
0.33984375
0.33984375
0.33984375
0.33984375
0.33984375
0.33984375
0.33984375
0.33984375
0.33984375
0.33984375
0.33984375
0.33984375
0.33984375
0.33984375
0.33984375
0.52734375
0.52734375
0.52734375
0.52734375
0.52734375
0.52734375
0.52734375
0.52734375
0.52734375
0.52734375
0.52734375
0.52734375
0.52734375
0.52734375
0.52734375
0.28906250000000006
0.28906250000000006
0.28906250000000006
0.28906250000000006
0.28906250000000006
0.28906250000000006
0.28906250000000006
0.28906250000000006
0.28906250000000006
0.28906250000000006
0.28906250000000006
0.28906250000000006
0.28906250000000006
0.28906250000000006
0.28906250000000006
0.4179687500000001
0.4179687500000001
0.4179687500000001
0.4179687500000001
0.4179687500000001
0.4179687500000001
0.4179687500000001
0.4179687500000001
0.4179687500000001
0.4179687500000001
0.4179687500000001
0.4179687500000001
0.4179687500000001
0.4179687500000001
0.4179687500000001
0.4257812500000001
0.4257812500000001
0.4257812500000001
0.4257812500000001
0.4257812500000001
0.4257812500000001
0.4257812500000001
0.4257812500000001
0.4257812500000001
0.4257812500000001
0.4257812500000001
0.4257812500000001
0.4257812500000001
0.4257812500000001
0.4257812500000001
0.47656250000000006
0.47656250000000006
0.47656250000000006
0.47656250000000006
0.47656250000000006
0.47656250000000006
0.47656250000000006
0.47656250000000006
0.47656250000000006
0.47656250000000006
0.47656250000000006
0.47656250000000006
0.47656250000000006
0.47656250000000006
0.47656250000000006
0.30468750000000006
0.30468750000000006
0.30468750000000006
0.30468750000000006
0.30468750000000006
0.30468750000000006
0.30468750000000006
0.30468750000000006
0.30468750000000006
0.30468750000000006
0.30468750000000006
0.30468750000000006
0.30468750000000006
0.30468750000000006
0.30468750000000006
0.28125000000000006
0.28125000000000006
0.28125000000000006
0.28125000000000006
0.28125000000000006
0.28125000000000006
0.28125000000000006
0.28125000000000006
0.28125000000000006
0.28125000000000006
0.28125000000000006
0.28125000000000006
0.28125000000000006
0.28125000000000006
0.28125000000000006
0.28906250000000006
0.28906250000000006
0.28906250000000006
0.28906250000000006
0.28906250000000006
0.28906250000000006
0.28906250000000006
0.28906250000000006
0.28906250000000006
0.28906250000000006
0.28906250000000006
0.28906250000000006
0.28906250000000006
0.28906250000000006
0.28906250000000006
0.90234375
0.90234375
0.90234375
0.90234375
0.90234375
0.90234375
0.90234375
0.90234375
0.90234375
0.90234375
0.90234375
0.90234375
0.90234375
0.90234375
0.90234375
0.4492187500000001
0.4492187500000001
0.4492187500000001
0.4492187500000001
0.4492187500000001
0.4492187500000001
0.4492187500000001
0.4492187500000001
0.4492187500000001
0.4492187500000001
0.4492187500000001
0.4492187500000001
0.4492187500000001
0.4492187500000001
0.4492187500000001
0.40234375000000006
0.40234375000000006
0.40234375000000006
0.40234375000000006
0.40234375000000006
0.40234375000000006
0.40234375000000006
0.40234375000000006
0.40234375000000006
0.40234375000000006
0.40234375000000006
0.40234375000000006
0.40234375000000006
0.40234375000000006
0.40234375000000006
0.25390625
0.25390625
0.25390625
0.25390625
0.25390625
0.25390625
0.25390625
0.25390625
0.25390625
0.25390625
0.25390625
0.25390625
0.25390625
0.25390625
0.25390625
0.36328125000000006
0.36328125000000006
0.36328125000000006
0.36328125000000006
0.36328125000000006
0.36328125000000006
0.36328125000000006
0.36328125000000006
0.36328125000000006
0.36328125000000006
0.36328125000000006
0.36328125000000006
0.36328125000000006
0.36328125000000006
0.36328125000000006
0.22656250000000006
0.22656250000000006
0.22656250000000006
0.22656250000000006
0.22656250000000006
0.22656250000000006
0.22656250000000006
0.22656250000000006
0.22656250000000006
0.22656250000000006
0.22656250000000006
0.22656250000000006
0.22656250000000006
0.22656250000000006
0.22656250000000006
0.40625
0.40625
0.40625
0.40625
0.40625
0.40625
0.40625
0.40625
0.40625
0.40625
0.40625
0.40625
0.40625
0.40625
0.40625
0.6132812500000001
0.6132812500000001
0.6132812500000001
0.6132812500000001
0.6132812500000001
0.6132812500000001
0.6132812500000001
0.6132812500000001
0.6132812500000001
0.6132812500000001
0.6132812500000001
0.6132812500000001
0.6132812500000001
0.6132812500000001
0.6132812500000001
0.25390625
0.25390625
0.25390625
0.25390625
0.25390625
0.25390625
0.25390625
0.25390625
0.25390625
0.25390625
0.25390625
0.25390625
0.25390625
0.25390625
0.25390625
0.45312500000000006
0.45312500000000006
0.45312500000000006
0.45312500000000006
0.45312500000000006
0.45312500000000006
0.45312500000000006
0.45312500000000006
0.45312500000000006
0.45312500000000006
0.45312500000000006
0.45312500000000006
0.45312500000000006
0.45312500000000006
0.45312500000000006
0.23828125
0.23828125
0.23828125
0.23828125
0.23828125
0.23828125
0.23828125
0.23828125
0.23828125
0.23828125
0.23828125
0.23828125
0.23828125
0.23828125
0.23828125
0.21484375000000006
0.21484375000000006
0.21484375000000006
0.21484375000000006
0.21484375000000006
0.21484375000000006
0.21484375000000006
0.21484375000000006
0.21484375000000006
0.21484375000000006
0.21484375000000006
0.21484375000000006
0.21484375000000006
0.21484375000000006
0.21484375000000006
0.4140625
0.4140625
0.4140625
0.4140625
0.4140625
0.4140625
0.4140625
0.4140625
0.4140625
0.4140625
0.4140625
0.4140625
0.4140625
0.4140625
0.4140625
0.45312500000000006
0.45312500000000006
0.45312500000000006
0.45312500000000006
0.45312500000000006
0.45312500000000006
0.45312500000000006
0.45312500000000006
0.45312500000000006
0.45312500000000006
0.45312500000000006
0.45312500000000006
0.45312500000000006
0.45312500000000006
0.45312500000000006
0.25390625
0.25390625
0.25390625
0.25390625
0.25390625
0.25390625
0.25390625
0.25390625
0.25390625
0.25390625
0.25390625
0.25390625
0.25390625
0.25390625
0.25390625
0.35546875
0.35546875
0.35546875
0.35546875
0.35546875
0.35546875
0.35546875
0.35546875
0.35546875
0.35546875
0.35546875
0.35546875
0.35546875
0.35546875
0.35546875
0.37500000000000006
0.37500000000000006
0.37500000000000006
0.37500000000000006
0.37500000000000006
0.37500000000000006
0.37500000000000006
0.37500000000000006
0.37500000000000006
0.37500000000000006
0.37500000000000006
0.37500000000000006
0.37500000000000006
0.37500000000000006
0.37500000000000006
0.5156250000000001
0.5156250000000001
0.5156250000000001
0.5156250000000001
0.5156250000000001
0.5156250000000001
0.5156250000000001
0.5156250000000001
0.5156250000000001
0.5156250000000001
0.5156250000000001
0.5156250000000001
0.5156250000000001
0.5156250000000001
0.5156250000000001
0.5585937500000001
0.5585937500000001
0.5585937500000001
0.5585937500000001
0.5585937500000001
0.5585937500000001
0.5585937500000001
0.5585937500000001
0.5585937500000001
0.5585937500000001
0.5585937500000001
0.5585937500000001
0.5585937500000001
0.5585937500000001
0.5585937500000001
0.265625
0.265625
0.265625
0.265625
0.265625
0.265625
0.265625
0.265625
0.265625
0.265625
0.265625
0.265625
0.265625
0.265625
0.265625
0.7011718750000001
0.7011718750000001
0.7011718750000001
0.7011718750000001
0.7011718750000001
0.7011718750000001
0.7011718750000001
0.7011718750000001
0.7011718750000001
0.7011718750000001
0.7011718750000001
0.7011718750000001
0.7011718750000001
0.7011718750000001
0.7011718750000001
0.22656250000000006
0.22656250000000006
0.22656250000000006
0.22656250000000006
0.22656250000000006
0.22656250000000006
0.22656250000000006
0.22656250000000006
0.22656250000000006
0.22656250000000006
0.22656250000000006
0.22656250000000006
0.22656250000000006
0.22656250000000006
0.22656250000000006
0.22265625000000006
0.22265625000000006
0.22265625000000006
0.22265625000000006
0.22265625000000006
0.22265625000000006
0.22265625000000006
0.22265625000000006
0.22265625000000006
0.22265625000000006
0.22265625000000006
0.22265625000000006
0.22265625000000006
0.22265625000000006
0.22265625000000006
0.29687500000000006
0.29687500000000006
0.29687500000000006
0.29687500000000006
0.29687500000000006
0.29687500000000006
0.29687500000000006
0.29687500000000006
0.29687500000000006
0.29687500000000006
0.29687500000000006
0.29687500000000006
0.29687500000000006
0.29687500000000006
0.29687500000000006
0.1640625
0.1640625
0.1640625
0.1640625
0.1640625
0.1640625
0.1640625
0.1640625
0.1640625
0.1640625
0.1640625
0.1640625
0.1640625
0.1640625
0.1640625
0.32421875000000006
0.32421875000000006
0.32421875000000006
0.32421875000000006
0.32421875000000006
0.32421875000000006
0.32421875000000006
0.32421875000000006
0.32421875000000006
0.32421875000000006
0.32421875000000006
0.32421875000000006
0.32421875000000006
0.32421875000000006
0.32421875000000006
0.5390625000000001
0.5390625000000001
0.5390625000000001
0.5390625000000001
0.5390625000000001
0.5390625000000001
0.5390625000000001
0.5390625000000001
0.5390625000000001
0.5390625000000001
0.5390625000000001
0.5390625000000001
0.5390625000000001
0.5390625000000001
0.5390625000000001
0.29296875000000006
0.29296875000000006
0.29296875000000006
0.29296875000000006
0.29296875000000006
0.29296875000000006
0.29296875000000006
0.29296875000000006
0.29296875000000006
0.29296875000000006
0.29296875000000006
0.29296875000000006
0.29296875000000006
0.29296875000000006
0.29296875000000006
0.3359375
0.3359375
0.3359375
0.3359375
0.3359375
0.3359375
0.3359375
0.3359375
0.3359375
0.3359375
0.3359375
0.3359375
0.3359375
0.3359375
0.3359375
0.37109375000000006
0.37109375000000006
0.37109375000000006
0.37109375000000006
0.37109375000000006
0.37109375000000006
0.37109375000000006
0.37109375000000006
0.37109375000000006
0.37109375000000006
0.37109375000000006
0.37109375000000006
0.37109375000000006
0.37109375000000006
0.37109375000000006
0.5664062500000001
0.5664062500000001
0.5664062500000001
0.5664062500000001
0.5664062500000001
0.5664062500000001
0.5664062500000001
0.5664062500000001
0.5664062500000001
0.5664062500000001
0.5664062500000001
0.5664062500000001
0.5664062500000001
0.5664062500000001
0.5664062500000001
0.7734375
0.7734375
0.7734375
0.7734375
0.7734375
0.7734375
0.7734375
0.7734375
0.7734375
0.7734375
0.7734375
0.7734375
0.7734375
0.7734375
0.7734375
0.31250000000000006
0.31250000000000006
0.31250000000000006
0.31250000000000006
0.31250000000000006
0.31250000000000006
0.31250000000000006
0.31250000000000006
0.31250000000000006
0.31250000000000006
0.31250000000000006
0.31250000000000006
0.31250000000000006
0.31250000000000006
0.31250000000000006
0.32031250000000006
0.32031250000000006
0.32031250000000006
0.32031250000000006
0.32031250000000006
0.32031250000000006
0.32031250000000006
0.32031250000000006
0.32031250000000006
0.32031250000000006
0.32031250000000006
0.32031250000000006
0.32031250000000006
0.32031250000000006
0.32031250000000006
0.4414062500000001
0.4414062500000001
0.4414062500000001
0.4414062500000001
0.4414062500000001
0.4414062500000001
0.4414062500000001
0.4414062500000001
0.4414062500000001
0.4414062500000001
0.4414062500000001
0.4414062500000001
0.4414062500000001
0.4414062500000001
0.4414062500000001
0.6484375000000001
0.6484375000000001
0.6484375000000001
0.6484375000000001
0.6484375000000001
0.6484375000000001
0.6484375000000001
0.6484375000000001
0.6484375000000001
0.6484375000000001
0.6484375000000001
0.6484375000000001
0.6484375000000001
0.6484375000000001
0.6484375000000001
0.7734375
0.7734375
0.7734375
0.7734375
0.7734375
0.7734375
0.7734375
0.7734375
0.7734375
0.7734375
0.7734375
0.7734375
0.7734375
0.7734375
0.7734375
0.36328125000000006
0.36328125000000006
0.36328125000000006
0.36328125000000006
0.36328125000000006
0.36328125000000006
0.36328125000000006
0.36328125000000006
0.36328125000000006
0.36328125000000006
0.36328125000000006
0.36328125000000006
0.36328125000000006
0.36328125000000006
0.36328125000000006
0.26953125
0.26953125
0.26953125
0.26953125
0.26953125
0.26953125
0.26953125
0.26953125
0.26953125
0.26953125
0.26953125
0.26953125
0.26953125
0.26953125
0.26953125
0.37109375000000006
0.37109375000000006
0.37109375000000006
0.37109375000000006
0.37109375000000006
0.37109375000000006
0.37109375000000006
0.37109375000000006
0.37109375000000006
0.37109375000000006
0.37109375000000006
0.37109375000000006
0.37109375000000006
0.37109375000000006
0.37109375000000006
0.28906250000000006
0.28906250000000006
0.28906250000000006
0.28906250000000006
0.28906250000000006
0.28906250000000006
0.28906250000000006
0.28906250000000006
0.28906250000000006
0.28906250000000006
0.28906250000000006
0.28906250000000006
0.28906250000000006
0.28906250000000006
0.28906250000000006
0.31640625000000006
0.31640625000000006
0.31640625000000006
0.31640625000000006
0.31640625000000006
0.31640625000000006
0.31640625000000006
0.31640625000000006
0.31640625000000006
0.31640625000000006
0.31640625000000006
0.31640625000000006
0.31640625000000006
0.31640625000000006
0.31640625000000006
0.37109375000000006
0.37109375000000006
0.37109375000000006
0.37109375000000006
0.37109375000000006
0.37109375000000006
0.37109375000000006
0.37109375000000006
0.37109375000000006
0.37109375000000006
0.37109375000000006
0.37109375000000006
0.37109375000000006
0.37109375000000006
0.37109375000000006
0.34375
0.34375
0.34375
0.34375
0.34375
0.34375
0.34375
0.34375
0.34375
0.34375
0.34375
0.34375
0.34375
0.34375
0.34375
0.78515625
0.78515625
0.78515625
0.78515625
0.78515625
0.78515625
0.78515625
0.78515625
0.78515625
0.78515625
0.78515625
0.78515625
0.78515625
0.78515625
0.78515625
0.38671875000000006
0.38671875000000006
0.38671875000000006
0.38671875000000006
0.38671875000000006
0.38671875000000006
0.38671875000000006
0.38671875000000006
0.38671875000000006
0.38671875000000006
0.38671875000000006
0.38671875000000006
0.38671875000000006
0.38671875000000006
0.38671875000000006
0.34765625
0.34765625
0.34765625
0.34765625
0.34765625
0.34765625
0.34765625
0.34765625
0.34765625
0.34765625
0.34765625
0.34765625
0.34765625
0.34765625
0.34765625
0.2734375
0.2734375
0.2734375
0.2734375
0.2734375
0.2734375
0.2734375
0.2734375
0.2734375
0.2734375
0.2734375
0.2734375
0.2734375
0.2734375
0.2734375
0.44531250000000006
0.44531250000000006
0.44531250000000006
0.44531250000000006
0.44531250000000006
0.44531250000000006
0.44531250000000006
0.44531250000000006
0.44531250000000006
0.44531250000000006
0.44531250000000006
0.44531250000000006
0.44531250000000006
0.44531250000000006
0.44531250000000006
0.25390625
0.25390625
0.25390625
0.25390625
0.25390625
0.25390625
0.25390625
0.25390625
0.25390625
0.25390625
0.25390625
0.25390625
0.25390625
0.25390625
0.25390625
0.2734375
0.2734375
0.2734375
0.2734375
0.2734375
0.2734375
0.2734375
0.2734375
0.2734375
0.2734375
0.2734375
0.2734375
0.2734375
0.2734375
0.2734375
0.29687500000000006
0.29687500000000006
0.29687500000000006
0.29687500000000006
0.29687500000000006
0.29687500000000006
0.29687500000000006
0.29687500000000006
0.29687500000000006
0.29687500000000006
0.29687500000000006
0.29687500000000006
0.29687500000000006
0.29687500000000006
0.29687500000000006
0.294921875
0.294921875
0.294921875
0.294921875
0.294921875
0.294921875
0.294921875
0.294921875
0.294921875
0.294921875
0.294921875
0.294921875
0.294921875
0.294921875
0.294921875
0.6132812500000001
0.6132812500000001
0.6132812500000001
0.6132812500000001
0.6132812500000001
0.6132812500000001
0.6132812500000001
0.6132812500000001
0.6132812500000001
0.6132812500000001
0.6132812500000001
0.6132812500000001
0.6132812500000001
0.6132812500000001
0.6132812500000001
0.5312500000000001
0.5312500000000001
0.5312500000000001
0.5312500000000001
0.5312500000000001
0.5312500000000001
0.5312500000000001
0.5312500000000001
0.5312500000000001
0.5312500000000001
0.5312500000000001
0.5312500000000001
0.5312500000000001
0.5312500000000001
0.5312500000000001
0.22656250000000006
0.22656250000000006
0.22656250000000006
0.22656250000000006
0.22656250000000006
0.22656250000000006
0.22656250000000006
0.22656250000000006
0.22656250000000006
0.22656250000000006
0.22656250000000006
0.22656250000000006
0.22656250000000006
0.22656250000000006
0.22656250000000006
0.28906250000000006
0.28906250000000006
0.28906250000000006
0.28906250000000006
0.28906250000000006
0.28906250000000006
0.28906250000000006
0.28906250000000006
0.28906250000000006
0.28906250000000006
0.28906250000000006
0.28906250000000006
0.28906250000000006
0.28906250000000006
0.28906250000000006
0.45312500000000006
0.45312500000000006
0.45312500000000006
0.45312500000000006
0.45312500000000006
0.45312500000000006
0.45312500000000006
0.45312500000000006
0.45312500000000006
0.45312500000000006
0.45312500000000006
0.45312500000000006
0.45312500000000006
0.45312500000000006
0.45312500000000006
0.609375
0.609375
0.609375
0.609375
0.609375
0.609375
0.609375
0.609375
0.609375
0.609375
0.609375
0.609375
0.609375
0.609375
0.609375
0.8164062500000001
0.8164062500000001
0.8164062500000001
0.8164062500000001
0.8164062500000001
0.8164062500000001
0.8164062500000001
0.8164062500000001
0.8164062500000001
0.8164062500000001
0.8164062500000001
0.8164062500000001
0.8164062500000001
0.8164062500000001
0.8164062500000001
0.8515625
0.8515625
0.8515625
0.8515625
0.8515625
0.8515625
0.8515625
0.8515625
0.8515625
0.8515625
0.8515625
0.8515625
0.8515625
0.8515625
0.8515625
0.9921875000000001
0.9921875000000001
0.9921875000000001
0.9921875000000001
0.9921875000000001
0.9921875000000001
0.9921875000000001
0.9921875000000001
0.9921875000000001
0.9921875000000001
0.9921875000000001
0.9921875000000001
0.9921875000000001
0.9921875000000001
0.9921875000000001
0.19531250000000003
0.19531250000000003
0.19531250000000003
0.19531250000000003
0.19531250000000003
0.19531250000000003
0.19531250000000003
0.19531250000000003
0.19531250000000003
0.19531250000000003
0.19531250000000003
0.19531250000000003
0.19531250000000003
0.19531250000000003
0.19531250000000003
0.37109375000000006
0.37109375000000006
0.37109375000000006
0.37109375000000006
0.37109375000000006
0.37109375000000006
0.37109375000000006
0.37109375000000006
0.37109375000000006
0.37109375000000006
0.37109375000000006
0.37109375000000006
0.37109375000000006
0.37109375000000006
0.37109375000000006
0.21875000000000006
0.21875000000000006
0.21875000000000006
0.21875000000000006
0.21875000000000006
0.21875000000000006
0.21875000000000006
0.21875000000000006
0.21875000000000006
0.21875000000000006
0.21875000000000006
0.21875000000000006
0.21875000000000006
0.21875000000000006
0.21875000000000006
0.29296875000000006
0.29296875000000006
0.29296875000000006
0.29296875000000006
0.29296875000000006
0.29296875000000006
0.29296875000000006
0.29296875000000006
0.29296875000000006
0.29296875000000006
0.29296875000000006
0.29296875000000006
0.29296875000000006
0.29296875000000006
0.29296875000000006
0.31250000000000006
0.31250000000000006
0.31250000000000006
0.31250000000000006
0.31250000000000006
0.31250000000000006
0.31250000000000006
0.31250000000000006
0.31250000000000006
0.31250000000000006
0.31250000000000006
0.31250000000000006
0.31250000000000006
0.31250000000000006
0.31250000000000006
0.578125
0.578125
0.578125
0.578125
0.578125
0.578125
0.578125
0.578125
0.578125
0.578125
0.578125
0.578125
0.578125
0.578125
0.578125
0.5234375000000001
0.5234375000000001
0.5234375000000001
0.5234375000000001
0.5234375000000001
0.5234375000000001
0.5234375000000001
0.5234375000000001
0.5234375000000001
0.5234375000000001
0.5234375000000001
0.5234375000000001
0.5234375000000001
0.5234375000000001
0.5234375000000001
0.30078125000000006
0.30078125000000006
0.30078125000000006
0.30078125000000006
0.30078125000000006
0.30078125000000006
0.30078125000000006
0.30078125000000006
0.30078125000000006
0.30078125000000006
0.30078125000000006
0.30078125000000006
0.30078125000000006
0.30078125000000006
0.30078125000000006
0.32421875000000006
0.32421875000000006
0.32421875000000006
0.32421875000000006
0.32421875000000006
0.32421875000000006
0.32421875000000006
0.32421875000000006
0.32421875000000006
0.32421875000000006
0.32421875000000006
0.32421875000000006
0.32421875000000006
0.32421875000000006
0.32421875000000006
0.390625
0.390625
0.390625
0.390625
0.390625
0.390625
0.390625
0.390625
0.390625
0.390625
0.390625
0.390625
0.390625
0.390625
0.390625
0.38281249999999994
0.38281249999999994
0.38281249999999994
0.38281249999999994
0.38281249999999994
0.38281249999999994
0.38281249999999994
0.38281249999999994
0.38281249999999994
0.38281249999999994
0.38281249999999994
0.38281249999999994
0.38281249999999994
0.38281249999999994
0.38281249999999994
0.6796875000000001
0.6796875000000001
0.6796875000000001
0.6796875000000001
0.6796875000000001
0.6796875000000001
0.6796875000000001
0.6796875000000001
0.6796875000000001
0.6796875000000001
0.6796875000000001
0.6796875000000001
0.6796875000000001
0.6796875000000001
0.6796875000000001
0.33984375
0.33984375
0.33984375
0.33984375
0.33984375
0.33984375
0.33984375
0.33984375
0.33984375
0.33984375
0.33984375
0.33984375
0.33984375
0.33984375
0.33984375
0.21093750000000006
0.21093750000000006
0.21093750000000006
0.21093750000000006
0.21093750000000006
0.21093750000000006
0.21093750000000006
0.21093750000000006
0.21093750000000006
0.21093750000000006
0.21093750000000006
0.21093750000000006
0.21093750000000006
0.21093750000000006
0.21093750000000006
0.24609375
0.24609375
0.24609375
0.24609375
0.24609375
0.24609375
0.24609375
0.24609375
0.24609375
0.24609375
0.24609375
0.24609375
0.24609375
0.24609375
0.24609375
0.37500000000000006
0.37500000000000006
0.37500000000000006
0.37500000000000006
0.37500000000000006
0.37500000000000006
0.37500000000000006
0.37500000000000006
0.37500000000000006
0.37500000000000006
0.37500000000000006
0.37500000000000006
0.37500000000000006
0.37500000000000006
0.37500000000000006
0.32421875000000006
0.32421875000000006
0.32421875000000006
0.32421875000000006
0.32421875000000006
0.32421875000000006
0.32421875000000006
0.32421875000000006
0.32421875000000006
0.32421875000000006
0.32421875000000006
0.32421875000000006
0.32421875000000006
0.32421875000000006
0.32421875000000006
0.5976562500000001
0.5976562500000001
0.5976562500000001
0.5976562500000001
0.5976562500000001
0.5976562500000001
0.5976562500000001
0.5976562500000001
0.5976562500000001
0.5976562500000001
0.5976562500000001
0.5976562500000001
0.5976562500000001
0.5976562500000001
0.5976562500000001
0.41015625000000006
0.41015625000000006
0.41015625000000006
0.41015625000000006
0.41015625000000006
0.41015625000000006
0.41015625000000006
0.41015625000000006
0.41015625000000006
0.41015625000000006
0.41015625000000006
0.41015625000000006
0.41015625000000006
0.41015625000000006
0.41015625000000006
0.5312500000000001
0.5312500000000001
0.5312500000000001
0.5312500000000001
0.5312500000000001
0.5312500000000001
0.5312500000000001
0.5312500000000001
0.5312500000000001
0.5312500000000001
0.5312500000000001
0.5312500000000001
0.5312500000000001
0.5312500000000001
0.5312500000000001
0.5742187500000001
0.5742187500000001
0.5742187500000001
0.5742187500000001
0.5742187500000001
0.5742187500000001
0.5742187500000001
0.5742187500000001
0.5742187500000001
0.5742187500000001
0.5742187500000001
0.5742187500000001
0.5742187500000001
0.5742187500000001
0.5742187500000001
0.33203125
0.33203125
0.33203125
0.33203125
0.33203125
0.33203125
0.33203125
0.33203125
0.33203125
0.33203125
0.33203125
0.33203125
0.33203125
0.33203125
0.33203125
0.51953125
0.51953125
0.51953125
0.51953125
0.51953125
0.51953125
0.51953125
0.51953125
0.51953125
0.51953125
0.51953125
0.51953125
0.51953125
0.51953125
0.51953125
0.22656250000000006
0.22656250000000006
0.22656250000000006
0.22656250000000006
0.22656250000000006
0.22656250000000006
0.22656250000000006
0.22656250000000006
0.22656250000000006
0.22656250000000006
0.22656250000000006
0.22656250000000006
0.22656250000000006
0.22656250000000006
0.22656250000000006
0.26171875
0.26171875
0.26171875
0.26171875
0.26171875
0.26171875
0.26171875
0.26171875
0.26171875
0.26171875
0.26171875
0.26171875
0.26171875
0.26171875
0.26171875
0.23828125
0.23828125
0.23828125
0.23828125
0.23828125
0.23828125
0.23828125
0.23828125
0.23828125
0.23828125
0.23828125
0.23828125
0.23828125
0.23828125
0.23828125
0.27734375000000006
0.27734375000000006
0.27734375000000006
0.27734375000000006
0.27734375000000006
0.27734375000000006
0.27734375000000006
0.27734375000000006
0.27734375000000006
0.27734375000000006
0.27734375000000006
0.27734375000000006
0.27734375000000006
0.27734375000000006
0.27734375000000006
0.55078125
0.55078125
0.55078125
0.55078125
0.55078125
0.55078125
0.55078125
0.55078125
0.55078125
0.55078125
0.55078125
0.55078125
0.55078125
0.55078125
0.55078125
0.20312500000000003
0.20312500000000003
0.20312500000000003
0.20312500000000003
0.20312500000000003
0.20312500000000003
0.20312500000000003
0.20312500000000003
0.20312500000000003
0.20312500000000003
0.20312500000000003
0.20312500000000003
0.20312500000000003
0.20312500000000003
0.20312500000000003
0.4414062500000001
0.4414062500000001
0.4414062500000001
0.4414062500000001
0.4414062500000001
0.4414062500000001
0.4414062500000001
0.4414062500000001
0.4414062500000001
0.4414062500000001
0.4414062500000001
0.4414062500000001
0.4414062500000001
0.4414062500000001
0.4414062500000001
0.3515625
0.3515625
0.3515625
0.3515625
0.3515625
0.3515625
0.3515625
0.3515625
0.3515625
0.3515625
0.3515625
0.3515625
0.3515625
0.3515625
0.3515625
0.24609375
0.24609375
0.24609375
0.24609375
0.24609375
0.24609375
0.24609375
0.24609375
0.24609375
0.24609375
0.24609375
0.24609375
0.24609375
0.24609375
0.24609375
0.29296875000000006
0.29296875000000006
0.29296875000000006
0.29296875000000006
0.29296875000000006
0.29296875000000006
0.29296875000000006
0.29296875000000006
0.29296875000000006
0.29296875000000006
0.29296875000000006
0.29296875000000006
0.29296875000000006
0.29296875000000006
0.29296875000000006
0.4414062500000001
0.4414062500000001
0.4414062500000001
0.4414062500000001
0.4414062500000001
0.4414062500000001
0.4414062500000001
0.4414062500000001
0.4414062500000001
0.4414062500000001
0.4414062500000001
0.4414062500000001
0.4414062500000001
0.4414062500000001
0.4414062500000001
0.4492187500000001
0.4492187500000001
0.4492187500000001
0.4492187500000001
0.4492187500000001
0.4492187500000001
0.4492187500000001
0.4492187500000001
0.4492187500000001
0.4492187500000001
0.4492187500000001
0.4492187500000001
0.4492187500000001
0.4492187500000001
0.4492187500000001
0.14453124999999997
0.14453124999999997
0.14453124999999997
0.14453124999999997
0.14453124999999997
0.14453124999999997
0.14453124999999997
0.14453124999999997
0.14453124999999997
0.14453124999999997
0.14453124999999997
0.14453124999999997
0.14453124999999997
0.14453124999999997
0.14453124999999997
0.39453125000000006
0.39453125000000006
0.39453125000000006
0.39453125000000006
0.39453125000000006
0.39453125000000006
0.39453125000000006
0.39453125000000006
0.39453125000000006
0.39453125000000006
0.39453125000000006
0.39453125000000006
0.39453125000000006
0.39453125000000006
0.39453125000000006
0.38281249999999994
0.38281249999999994
0.38281249999999994
0.38281249999999994
0.38281249999999994
0.38281249999999994
0.38281249999999994
0.38281249999999994
0.38281249999999994
0.38281249999999994
0.38281249999999994
0.38281249999999994
0.38281249999999994
0.38281249999999994
0.38281249999999994
0.37500000000000006
0.37500000000000006
0.37500000000000006
0.37500000000000006
0.37500000000000006
0.37500000000000006
0.37500000000000006
0.37500000000000006
0.37500000000000006
0.37500000000000006
0.37500000000000006
0.37500000000000006
0.37500000000000006
0.37500000000000006
0.37500000000000006
0.294921875
0.294921875
0.294921875
0.294921875
0.294921875
0.294921875
0.294921875
0.294921875
0.294921875
0.294921875
0.294921875
0.294921875
0.294921875
0.294921875
0.294921875
0.30078125000000006
0.30078125000000006
0.30078125000000006
0.30078125000000006
0.30078125000000006
0.30078125000000006
0.30078125000000006
0.30078125000000006
0.30078125000000006
0.30078125000000006
0.30078125000000006
0.30078125000000006
0.30078125000000006
0.30078125000000006
0.30078125000000006
0.31250000000000006
0.31250000000000006
0.31250000000000006
0.31250000000000006
0.31250000000000006
0.31250000000000006
0.31250000000000006
0.31250000000000006
0.31250000000000006
0.31250000000000006
0.31250000000000006
0.31250000000000006
0.31250000000000006
0.31250000000000006
0.31250000000000006
0.26171875
0.26171875
0.26171875
0.26171875
0.26171875
0.26171875
0.26171875
0.26171875
0.26171875
0.26171875
0.26171875
0.26171875
0.26171875
0.26171875
0.26171875
0.4414062500000001
0.4414062500000001
0.4414062500000001
0.4414062500000001
0.4414062500000001
0.4414062500000001
0.4414062500000001
0.4414062500000001
0.4414062500000001
0.4414062500000001
0.4414062500000001
0.4414062500000001
0.4414062500000001
0.4414062500000001
0.4414062500000001
0.25390625
0.25390625
0.25390625
0.25390625
0.25390625
0.25390625
0.25390625
0.25390625
0.25390625
0.25390625
0.25390625
0.25390625
0.25390625
0.25390625
0.25390625
0.23437499999999997
0.23437499999999997
0.23437499999999997
0.23437499999999997
0.23437499999999997
0.23437499999999997
0.23437499999999997
0.23437499999999997
0.23437499999999997
0.23437499999999997
0.23437499999999997
0.23437499999999997
0.23437499999999997
0.23437499999999997
0.23437499999999997
0.29687500000000006
0.29687500000000006
0.29687500000000006
0.29687500000000006
0.29687500000000006
0.29687500000000006
0.29687500000000006
0.29687500000000006
0.29687500000000006
0.29687500000000006
0.29687500000000006
0.29687500000000006
0.29687500000000006
0.29687500000000006
0.29687500000000006
0.4179687500000001
0.4179687500000001
0.4179687500000001
0.4179687500000001
0.4179687500000001
0.4179687500000001
0.4179687500000001
0.4179687500000001
0.4179687500000001
0.4179687500000001
0.4179687500000001
0.4179687500000001
0.4179687500000001
0.4179687500000001
0.4179687500000001
0.32031250000000006
0.32031250000000006
0.32031250000000006
0.32031250000000006
0.32031250000000006
0.32031250000000006
0.32031250000000006
0.32031250000000006
0.32031250000000006
0.32031250000000006
0.32031250000000006
0.32031250000000006
0.32031250000000006
0.32031250000000006
0.32031250000000006
0.5156250000000001
0.5156250000000001
0.5156250000000001
0.5156250000000001
0.5156250000000001
0.5156250000000001
0.5156250000000001
0.5156250000000001
0.5156250000000001
0.5156250000000001
0.5156250000000001
0.5156250000000001
0.5156250000000001
0.5156250000000001
0.5156250000000001
0.359375
0.359375
0.359375
0.359375
0.359375
0.359375
0.359375
0.359375
0.359375
0.359375
0.359375
0.359375
0.359375
0.359375
0.359375
0.21093750000000006
0.21093750000000006
0.21093750000000006
0.21093750000000006
0.21093750000000006
0.21093750000000006
0.21093750000000006
0.21093750000000006
0.21093750000000006
0.21093750000000006
0.21093750000000006
0.21093750000000006
0.21093750000000006
0.21093750000000006
0.21093750000000006
0.25
0.25
0.25
0.25
0.25
0.25
0.25
0.25
0.25
0.25
0.25
0.25
0.25
0.25
0.25
0.51171875
0.51171875
0.51171875
0.51171875
0.51171875
0.51171875
0.51171875
0.51171875
0.51171875
0.51171875
0.51171875
0.51171875
0.51171875
0.51171875
0.51171875
0.29687500000000006
0.29687500000000006
0.29687500000000006
0.29687500000000006
0.29687500000000006
0.29687500000000006
0.29687500000000006
0.29687500000000006
0.29687500000000006
0.29687500000000006
0.29687500000000006
0.29687500000000006
0.29687500000000006
0.29687500000000006
0.29687500000000006
0.38671875000000006
0.38671875000000006
0.38671875000000006
0.38671875000000006
0.38671875000000006
0.38671875000000006
0.38671875000000006
0.38671875000000006
0.38671875000000006
0.38671875000000006
0.38671875000000006
0.38671875000000006
0.38671875000000006
0.38671875000000006
0.38671875000000006
0.25390625
0.25390625
0.25390625
0.25390625
0.25390625
0.25390625
0.25390625
0.25390625
0.25390625
0.25390625
0.25390625
0.25390625
0.25390625
0.25390625
0.25390625
0.6015625
0.6015625
0.6015625
0.6015625
0.6015625
0.6015625
0.6015625
0.6015625
0.6015625
0.6015625
0.6015625
0.6015625
0.6015625
0.6015625
0.6015625
0.29296875000000006
0.29296875000000006
0.29296875000000006
0.29296875000000006
0.29296875000000006
0.29296875000000006
0.29296875000000006
0.29296875000000006
0.29296875000000006
0.29296875000000006
0.29296875000000006
0.29296875000000006
0.29296875000000006
0.29296875000000006
0.29296875000000006
0.28125000000000006
0.28125000000000006
0.28125000000000006
0.28125000000000006
0.28125000000000006
0.28125000000000006
0.28125000000000006
0.28125000000000006
0.28125000000000006
0.28125000000000006
0.28125000000000006
0.28125000000000006
0.28125000000000006
0.28125000000000006
0.28125000000000006
0.32421875000000006
0.32421875000000006
0.32421875000000006
0.32421875000000006
0.32421875000000006
0.32421875000000006
0.32421875000000006
0.32421875000000006
0.32421875000000006
0.32421875000000006
0.32421875000000006
0.32421875000000006
0.32421875000000006
0.32421875000000006
0.32421875000000006
0.32031250000000006
0.32031250000000006
0.32031250000000006
0.32031250000000006
0.32031250000000006
0.32031250000000006
0.32031250000000006
0.32031250000000006
0.32031250000000006
0.32031250000000006
0.32031250000000006
0.32031250000000006
0.32031250000000006
0.32031250000000006
0.32031250000000006
0.22265625000000006
0.22265625000000006
0.22265625000000006
0.22265625000000006
0.22265625000000006
0.22265625000000006
0.22265625000000006
0.22265625000000006
0.22265625000000006
0.22265625000000006
0.22265625000000006
0.22265625000000006
0.22265625000000006
0.22265625000000006
0.22265625000000006
0.23437499999999997
0.23437499999999997
0.23437499999999997
0.23437499999999997
0.23437499999999997
0.23437499999999997
0.23437499999999997
0.23437499999999997
0.23437499999999997
0.23437499999999997
0.23437499999999997
0.23437499999999997
0.23437499999999997
0.23437499999999997
0.23437499999999997
0.7460937500000001
0.7460937500000001
0.7460937500000001
0.7460937500000001
0.7460937500000001
0.7460937500000001
0.7460937500000001
0.7460937500000001
0.7460937500000001
0.7460937500000001
0.7460937500000001
0.7460937500000001
0.7460937500000001
0.7460937500000001
0.7460937500000001
0.29296875000000006
0.29296875000000006
0.29296875000000006
0.29296875000000006
0.29296875000000006
0.29296875000000006
0.29296875000000006
0.29296875000000006
0.29296875000000006
0.29296875000000006
0.29296875000000006
0.29296875000000006
0.29296875000000006
0.29296875000000006
0.29296875000000006
0.5312500000000001
0.5312500000000001
0.5312500000000001
0.5312500000000001
0.5312500000000001
0.5312500000000001
0.5312500000000001
0.5312500000000001
0.5312500000000001
0.5312500000000001
0.5312500000000001
0.5312500000000001
0.5312500000000001
0.5312500000000001
0.5312500000000001
0.31640625000000006
0.31640625000000006
0.31640625000000006
0.31640625000000006
0.31640625000000006
0.31640625000000006
0.31640625000000006
0.31640625000000006
0.31640625000000006
0.31640625000000006
0.31640625000000006
0.31640625000000006
0.31640625000000006
0.31640625000000006
0.31640625000000006
0.2421875
0.2421875
0.2421875
0.2421875
0.2421875
0.2421875
0.2421875
0.2421875
0.2421875
0.2421875
0.2421875
0.2421875
0.2421875
0.2421875
0.2421875
0.6171875
0.6171875
0.6171875
0.6171875
0.6171875
0.6171875
0.6171875
0.6171875
0.6171875
0.6171875
0.6171875
0.6171875
0.6171875
0.6171875
0.6171875
0.51953125
0.51953125
0.51953125
0.51953125
0.51953125
0.51953125
0.51953125
0.51953125
0.51953125
0.51953125
0.51953125
0.51953125
0.51953125
0.51953125
0.51953125
0.23437499999999997
0.23437499999999997
0.23437499999999997
0.23437499999999997
0.23437499999999997
0.23437499999999997
0.23437499999999997
0.23437499999999997
0.23437499999999997
0.23437499999999997
0.23437499999999997
0.23437499999999997
0.23437499999999997
0.23437499999999997
0.23437499999999997
0.4140625
0.4140625
0.4140625
0.4140625
0.4140625
0.4140625
0.4140625
0.4140625
0.4140625
0.4140625
0.4140625
0.4140625
0.4140625
0.4140625
0.4140625
0.4179687500000001
0.4179687500000001
0.4179687500000001
0.4179687500000001
0.4179687500000001
0.4179687500000001
0.4179687500000001
0.4179687500000001
0.4179687500000001
0.4179687500000001
0.4179687500000001
0.4179687500000001
0.4179687500000001
0.4179687500000001
0.4179687500000001
0.29296875000000006
0.29296875000000006
0.29296875000000006
0.29296875000000006
0.29296875000000006
0.29296875000000006
0.29296875000000006
0.29296875000000006
0.29296875000000006
0.29296875000000006
0.29296875000000006
0.29296875000000006
0.29296875000000006
0.29296875000000006
0.29296875000000006
0.298828125
0.298828125
0.298828125
0.298828125
0.298828125
0.298828125
0.298828125
0.298828125
0.298828125
0.298828125
0.298828125
0.298828125
0.298828125
0.298828125
0.298828125
0.20312500000000003
0.20312500000000003
0.20312500000000003
0.20312500000000003
0.20312500000000003
0.20312500000000003
0.20312500000000003
0.20312500000000003
0.20312500000000003
0.20312500000000003
0.20312500000000003
0.20312500000000003
0.20312500000000003
0.20312500000000003
0.20312500000000003
0.38671875000000006
0.38671875000000006
0.38671875000000006
0.38671875000000006
0.38671875000000006
0.38671875000000006
0.38671875000000006
0.38671875000000006
0.38671875000000006
0.38671875000000006
0.38671875000000006
0.38671875000000006
0.38671875000000006
0.38671875000000006
0.38671875000000006
0.5820312500000001
0.5820312500000001
0.5820312500000001
0.5820312500000001
0.5820312500000001
0.5820312500000001
0.5820312500000001
0.5820312500000001
0.5820312500000001
0.5820312500000001
0.5820312500000001
0.5820312500000001
0.5820312500000001
0.5820312500000001
0.5820312500000001
0.26171875
0.26171875
0.26171875
0.26171875
0.26171875
0.26171875
0.26171875
0.26171875
0.26171875
0.26171875
0.26171875
0.26171875
0.26171875
0.26171875
0.26171875
0.30468750000000006
0.30468750000000006
0.30468750000000006
0.30468750000000006
0.30468750000000006
0.30468750000000006
0.30468750000000006
0.30468750000000006
0.30468750000000006
0.30468750000000006
0.30468750000000006
0.30468750000000006
0.30468750000000006
0.30468750000000006
0.30468750000000006
0.23046875000000006
0.23046875000000006
0.23046875000000006
0.23046875000000006
0.23046875000000006
0.23046875000000006
0.23046875000000006
0.23046875000000006
0.23046875000000006
0.23046875000000006
0.23046875000000006
0.23046875000000006
0.23046875000000006
0.23046875000000006
0.23046875000000006
0.421875
0.421875
0.421875
0.421875
0.421875
0.421875
0.421875
0.421875
0.421875
0.421875
0.421875
0.421875
0.421875
0.421875
0.421875
0.4140625
0.4140625
0.4140625
0.4140625
0.4140625
0.4140625
0.4140625
0.4140625
0.4140625
0.4140625
0.4140625
0.4140625
0.4140625
0.4140625
0.4140625
0.28515625000000006
0.28515625000000006
0.28515625000000006
0.28515625000000006
0.28515625000000006
0.28515625000000006
0.28515625000000006
0.28515625000000006
0.28515625000000006
0.28515625000000006
0.28515625000000006
0.28515625000000006
0.28515625000000006
0.28515625000000006
0.28515625000000006
0.39453125000000006
0.39453125000000006
0.39453125000000006
0.39453125000000006
0.39453125000000006
0.39453125000000006
0.39453125000000006
0.39453125000000006
0.39453125000000006
0.39453125000000006
0.39453125000000006
0.39453125000000006
0.39453125000000006
0.39453125000000006
0.39453125000000006
0.40625
0.40625
0.40625
0.40625
0.40625
0.40625
0.40625
0.40625
0.40625
0.40625
0.40625
0.40625
0.40625
0.40625
0.40625
0.10156250000000001
0.10156250000000001
0.10156250000000001
0.10156250000000001
0.10156250000000001
0.10156250000000001
0.10156250000000001
0.10156250000000001
0.10156250000000001
0.10156250000000001
0.10156250000000001
0.10156250000000001
0.10156250000000001
0.10156250000000001
0.10156250000000001
0.35546875
0.35546875
0.35546875
0.35546875
0.35546875
0.35546875
0.35546875
0.35546875
0.35546875
0.35546875
0.35546875
0.35546875
0.35546875
0.35546875
0.35546875
0.6328125
0.6328125
0.6328125
0.6328125
0.6328125
0.6328125
0.6328125
0.6328125
0.6328125
0.6328125
0.6328125
0.6328125
0.6328125
0.6328125
0.6328125
0.6875000000000001
0.6875000000000001
0.6875000000000001
0.6875000000000001
0.6875000000000001
0.6875000000000001
0.6875000000000001
0.6875000000000001
0.6875000000000001
0.6875000000000001
0.6875000000000001
0.6875000000000001
0.6875000000000001
0.6875000000000001
0.6875000000000001
0.25
0.25
0.25
0.25
0.25
0.25
0.25
0.25
0.25
0.25
0.25
0.25
0.25
0.25
0.25
0.20312500000000003
0.20312500000000003
0.20312500000000003
0.20312500000000003
0.20312500000000003
0.20312500000000003
0.20312500000000003
0.20312500000000003
0.20312500000000003
0.20312500000000003
0.20312500000000003
0.20312500000000003
0.20312500000000003
0.20312500000000003
0.20312500000000003
0.421875
0.421875
0.421875
0.421875
0.421875
0.421875
0.421875
0.421875
0.421875
0.421875
0.421875
0.421875
0.421875
0.421875
0.421875
0.18750000000000003
0.18750000000000003
0.18750000000000003
0.18750000000000003
0.18750000000000003
0.18750000000000003
0.18750000000000003
0.18750000000000003
0.18750000000000003
0.18750000000000003
0.18750000000000003
0.18750000000000003
0.18750000000000003
0.18750000000000003
0.18750000000000003
0.265625
0.265625
0.265625
0.265625
0.265625
0.265625
0.265625
0.265625
0.265625
0.265625
0.265625
0.265625
0.265625
0.265625
0.265625
0.28906250000000006
0.28906250000000006
0.28906250000000006
0.28906250000000006
0.28906250000000006
0.28906250000000006
0.28906250000000006
0.28906250000000006
0.28906250000000006
0.28906250000000006
0.28906250000000006
0.28906250000000006
0.28906250000000006
0.28906250000000006
0.28906250000000006
0.2578125
0.2578125
0.2578125
0.2578125
0.2578125
0.2578125
0.2578125
0.2578125
0.2578125
0.2578125
0.2578125
0.2578125
0.2578125
0.2578125
0.2578125
0.21093750000000006
0.21093750000000006
0.21093750000000006
0.21093750000000006
0.21093750000000006
0.21093750000000006
0.21093750000000006
0.21093750000000006
0.21093750000000006
0.21093750000000006
0.21093750000000006
0.21093750000000006
0.21093750000000006
0.21093750000000006
0.21093750000000006
0.14843749999999997
0.14843749999999997
0.14843749999999997
0.14843749999999997
0.14843749999999997
0.14843749999999997
0.14843749999999997
0.14843749999999997
0.14843749999999997
0.14843749999999997
0.14843749999999997
0.14843749999999997
0.14843749999999997
0.14843749999999997
0.14843749999999997
0.20312500000000003
0.20312500000000003
0.20312500000000003
0.20312500000000003
0.20312500000000003
0.20312500000000003
0.20312500000000003
0.20312500000000003
0.20312500000000003
0.20312500000000003
0.20312500000000003
0.20312500000000003
0.20312500000000003
0.20312500000000003
0.20312500000000003
0.17578125
0.17578125
0.17578125
0.17578125
0.17578125
0.17578125
0.17578125
0.17578125
0.17578125
0.17578125
0.17578125
0.17578125
0.17578125
0.17578125
0.17578125
0.28906250000000006
0.28906250000000006
0.28906250000000006
0.28906250000000006
0.28906250000000006
0.28906250000000006
0.28906250000000006
0.28906250000000006
0.28906250000000006
0.28906250000000006
0.28906250000000006
0.28906250000000006
0.28906250000000006
0.28906250000000006
0.28906250000000006
0.29687500000000006
0.29687500000000006
0.29687500000000006
0.29687500000000006
0.29687500000000006
0.29687500000000006
0.29687500000000006
0.29687500000000006
0.29687500000000006
0.29687500000000006
0.29687500000000006
0.29687500000000006
0.29687500000000006
0.29687500000000006
0.29687500000000006
0.5390625000000001
0.5390625000000001
0.5390625000000001
0.5390625000000001
0.5390625000000001
0.5390625000000001
0.5390625000000001
0.5390625000000001
0.5390625000000001
0.5390625000000001
0.5390625000000001
0.5390625000000001
0.5390625000000001
0.5390625000000001
0.5390625000000001
0.47265625000000017
0.47265625000000017
0.47265625000000017
0.47265625000000017
0.47265625000000017
0.47265625000000017
0.47265625000000017
0.47265625000000017
0.47265625000000017
0.47265625000000017
0.47265625000000017
0.47265625000000017
0.47265625000000017
0.47265625000000017
0.47265625000000017
0.33203125
0.33203125
0.33203125
0.33203125
0.33203125
0.33203125
0.33203125
0.33203125
0.33203125
0.33203125
0.33203125
0.33203125
0.33203125
0.33203125
0.33203125
0.6054687500000001
0.6054687500000001
0.6054687500000001
0.6054687500000001
0.6054687500000001
0.6054687500000001
0.6054687500000001
0.6054687500000001
0.6054687500000001
0.6054687500000001
0.6054687500000001
0.6054687500000001
0.6054687500000001
0.6054687500000001
0.6054687500000001
0.28906250000000006
0.28906250000000006
0.28906250000000006
0.28906250000000006
0.28906250000000006
0.28906250000000006
0.28906250000000006
0.28906250000000006
0.28906250000000006
0.28906250000000006
0.28906250000000006
0.28906250000000006
0.28906250000000006
0.28906250000000006
0.28906250000000006
0.39453125000000006
0.39453125000000006
0.39453125000000006
0.39453125000000006
0.39453125000000006
0.39453125000000006
0.39453125000000006
0.39453125000000006
0.39453125000000006
0.39453125000000006
0.39453125000000006
0.39453125000000006
0.39453125000000006
0.39453125000000006
0.39453125000000006
0.7968750000000001
0.7968750000000001
0.7968750000000001
0.7968750000000001
0.7968750000000001
0.7968750000000001
0.7968750000000001
0.7968750000000001
0.7968750000000001
0.7968750000000001
0.7968750000000001
0.7968750000000001
0.7968750000000001
0.7968750000000001
0.7968750000000001
0.28125000000000006
0.28125000000000006
0.28125000000000006
0.28125000000000006
0.28125000000000006
0.28125000000000006
0.28125000000000006
0.28125000000000006
0.28125000000000006
0.28125000000000006
0.28125000000000006
0.28125000000000006
0.28125000000000006
0.28125000000000006
0.28125000000000006
0.15234374999999997
0.15234374999999997
0.15234374999999997
0.15234374999999997
0.15234374999999997
0.15234374999999997
0.15234374999999997
0.15234374999999997
0.15234374999999997
0.15234374999999997
0.15234374999999997
0.15234374999999997
0.15234374999999997
0.15234374999999997
0.15234374999999997
0.2578125
0.2578125
0.2578125
0.2578125
0.2578125
0.2578125
0.2578125
0.2578125
0.2578125
0.2578125
0.2578125
0.2578125
0.2578125
0.2578125
0.2578125
0.6562500000000001
0.6562500000000001
0.6562500000000001
0.6562500000000001
0.6562500000000001
0.6562500000000001
0.6562500000000001
0.6562500000000001
0.6562500000000001
0.6562500000000001
0.6562500000000001
0.6562500000000001
0.6562500000000001
0.6562500000000001
0.6562500000000001
0.4414062500000001
0.4414062500000001
0.4414062500000001
0.4414062500000001
0.4414062500000001
0.4414062500000001
0.4414062500000001
0.4414062500000001
0.4414062500000001
0.4414062500000001
0.4414062500000001
0.4414062500000001
0.4414062500000001
0.4414062500000001
0.4414062500000001
0.39453125000000006
0.39453125000000006
0.39453125000000006
0.39453125000000006
0.39453125000000006
0.39453125000000006
0.39453125000000006
0.39453125000000006
0.39453125000000006
0.39453125000000006
0.39453125000000006
0.39453125000000006
0.39453125000000006
0.39453125000000006
0.39453125000000006
0.33984375
0.33984375
0.33984375
0.33984375
0.33984375
0.33984375
0.33984375
0.33984375
0.33984375
0.33984375
0.33984375
0.33984375
0.33984375
0.33984375
0.33984375
0.38671875000000006
0.38671875000000006
0.38671875000000006
0.38671875000000006
0.38671875000000006
0.38671875000000006
0.38671875000000006
0.38671875000000006
0.38671875000000006
0.38671875000000006
0.38671875000000006
0.38671875000000006
0.38671875000000006
0.38671875000000006
0.38671875000000006
0.33203125
0.33203125
0.33203125
0.33203125
0.33203125
0.33203125
0.33203125
0.33203125
0.33203125
0.33203125
0.33203125
0.33203125
0.33203125
0.33203125
0.33203125
0.421875
0.421875
0.421875
0.421875
0.421875
0.421875
0.421875
0.421875
0.421875
0.421875
0.421875
0.421875
0.421875
0.421875
0.421875
0.30468750000000006
0.30468750000000006
0.30468750000000006
0.30468750000000006
0.30468750000000006
0.30468750000000006
0.30468750000000006
0.30468750000000006
0.30468750000000006
0.30468750000000006
0.30468750000000006
0.30468750000000006
0.30468750000000006
0.30468750000000006
0.30468750000000006
0.15625
0.15625
0.15625
0.15625
0.15625
0.15625
0.15625
0.15625
0.15625
0.15625
0.15625
0.15625
0.15625
0.15625
0.15625
0.4414062500000001
0.4414062500000001
0.4414062500000001
0.4414062500000001
0.4414062500000001
0.4414062500000001
0.4414062500000001
0.4414062500000001
0.4414062500000001
0.4414062500000001
0.4414062500000001
0.4414062500000001
0.4414062500000001
0.4414062500000001
0.4414062500000001
0.4375
0.4375
0.4375
0.4375
0.4375
0.4375
0.4375
0.4375
0.4375
0.4375
0.4375
0.4375
0.4375
0.4375
0.4375
0.27734375000000006
0.27734375000000006
0.27734375000000006
0.27734375000000006
0.27734375000000006
0.27734375000000006
0.27734375000000006
0.27734375000000006
0.27734375000000006
0.27734375000000006
0.27734375000000006
0.27734375000000006
0.27734375000000006
0.27734375000000006
0.27734375000000006
0.5976562500000001
0.5976562500000001
0.5976562500000001
0.5976562500000001
0.5976562500000001
0.5976562500000001
0.5976562500000001
0.5976562500000001
0.5976562500000001
0.5976562500000001
0.5976562500000001
0.5976562500000001
0.5976562500000001
0.5976562500000001
0.5976562500000001
0.12500000000000006
0.12500000000000006
0.12500000000000006
0.12500000000000006
0.12500000000000006
0.12500000000000006
0.12500000000000006
0.12500000000000006
0.12500000000000006
0.12500000000000006
0.12500000000000006
0.12500000000000006
0.12500000000000006
0.12500000000000006
0.12500000000000006
0.26171875
0.26171875
0.26171875
0.26171875
0.26171875
0.26171875
0.26171875
0.26171875
0.26171875
0.26171875
0.26171875
0.26171875
0.26171875
0.26171875
0.26171875
0.36328125000000006
0.36328125000000006
0.36328125000000006
0.36328125000000006
0.36328125000000006
0.36328125000000006
0.36328125000000006
0.36328125000000006
0.36328125000000006
0.36328125000000006
0.36328125000000006
0.36328125000000006
0.36328125000000006
0.36328125000000006
0.36328125000000006
0.26953125
0.26953125
0.26953125
0.26953125
0.26953125
0.26953125
0.26953125
0.26953125
0.26953125
0.26953125
0.26953125
0.26953125
0.26953125
0.26953125
0.26953125
0.31640625000000006
0.31640625000000006
0.31640625000000006
0.31640625000000006
0.31640625000000006
0.31640625000000006
0.31640625000000006
0.31640625000000006
0.31640625000000006
0.31640625000000006
0.31640625000000006
0.31640625000000006
0.31640625000000006
0.31640625000000006
0.31640625000000006
0.2578125
0.2578125
0.2578125
0.2578125
0.2578125
0.2578125
0.2578125
0.2578125
0.2578125
0.2578125
0.2578125
0.2578125
0.2578125
0.2578125
0.2578125
0.390625
0.390625
0.390625
0.390625
0.390625
0.390625
0.390625
0.390625
0.390625
0.390625
0.390625
0.390625
0.390625
0.390625
0.390625
